CHR	BP	EA	NEA	EAF	BETA	SE	P
3	66850072	T	C	0.02731	-0.03679	0.03346	0.27159
3	66850142	C	T	0.05118	-0.02691	0.02477	0.27724
3	66850195	G	C	0.85751	-0.00294	0.01603	0.85449
3	66850472	G	T	0.03787	0.02663	0.02861	0.35192
3	66850677	A	T	0.04904	-0.00737	0.02531	0.77096
3	66850707	C	T	0.0491	-0.00926	0.0253	0.71444
3	66850779	C	T	0.09042	0.00978	0.0189	0.60466
3	66850852	A	G	0.00483	0.08912	0.07934	0.26128
3	66851078	C	T	4e-05	-0.23533	0.97874	0.80999
3	66851262	A	T	0.57317	-0.01424	0.01103	0.19701
3	66851326	A	G	0.66578	-0.00841	0.01159	0.46795
3	66851674	G	C	0.03578	-0.06084	0.02955	0.039478
3	66851702	T	C	0.01357	0.01651	0.04817	0.73186
3	66852010	A	G	0.0151	-0.01935	0.04473	0.66534
3	66852048	A	C	0.61455	-0.00912	0.01125	0.41763
3	66852216	T	C	0.00029	0.00418	0.33154	0.98994
3	66852327	A	C	0.59523	-0.01026	0.01115	0.35743
3	66852336	C	T	0.85829	-0.00297	0.01606	0.85333
3	66852373	A	C	0.04581	0.00265	0.02616	0.91942
3	66852402	C	T	0.01193	0.04596	0.0503	0.36085
3	66852683	A	G	0.59513	-0.01144	0.01115	0.30487
3	66852695	C	G	0.85046	0.00043	0.01565	0.97784
3	66852806	T	G	0.02159	-0.04233	0.03733	0.25674
3	66852821	A	G	0.03016	0.04542	0.03184	0.15382
3	66852901	C	T	0.12931	0.00799	0.0162	0.62182
3	66852927	T	C	0.6738	-0.00748	0.01169	0.5221
3	66852993	T	C	0.84991	0.00139	0.01562	0.92906
3	66853034	A	G	0.00046	0.12657	0.26958	0.63869
3	66853084	C	T	0.58569	-0.00051	0.01111	0.96344
3	66853113	G	A	0.00622	0.10484	0.06952	0.13152
3	66853153	C	T	0.00044	-0.04766	0.26993	0.85984
3	66853257	A	G	0.0295	0.04645	0.03218	0.14895
3	66853311	A	G	0.59798	-0.00818	0.0111	0.46129
3	66853569	G	T	0.00566	0.00187	0.07257	0.97948
3	66853608	T	C	0.24159	0.00516	0.01275	0.68568
3	66853625	G	C	0.03308	0.01066	0.03052	0.72681
3	66853890	G	A	0.03281	0.02455	0.03077	0.42496
3	66853898	T	C	0.00789	-0.01923	0.06298	0.76007
3	66853951	A	G	0.05294	0.01275	0.02401	0.5953
3	66854011	T	C	0.04891	0.00195	0.02524	0.93835
3	66854042	C	T	0.05272	0.01404	0.02408	0.55989
3	66854137	A	T	0.0145	-0.01006	0.04551	0.82502
3	66854169	A	G	0.15424	0.01797	0.01502	0.23157
3	66854263	C	T	0.55195	-0.00679	0.01091	0.53371
3	66854332	A	G	0.56632	-0.00792	0.01094	0.46904
3	66854400	A	G	0.75408	0.00395	0.01275	0.75694
3	66854475	T	C	0.56653	-0.00753	0.01094	0.49134
3	66854561	A	G	0.56919	-0.00717	0.01089	0.51057
3	66854618	T	C	0.01313	-0.02212	0.04776	0.64328
3	66854782	C	A	0.05748	-0.00898	0.02343	0.70147
3	66854925	T	C	0.00494	-0.05198	0.07807	0.50551
3	66854926	A	G	0.00428	0.05708	0.08419	0.49776
3	66854930	C	G	0.00641	-0.01984	0.06926	0.77458
3	66854987	G	T	0.56687	-0.00696	0.01094	0.52465
3	66855089	G	T	0.01455	-0.01057	0.04546	0.81612
3	66855237	G	A	0.07724	0.00882	0.02048	0.66675
3	66855341	A	G	0.01048	8e-05	0.05344	0.9988
3	66855435	A	C	0.01133	-0.00041	0.05158	0.99368
3	66855697	A	G	0.04886	0.0021	0.02525	0.93384
3	66855708	T	C	0.56652	-0.00794	0.01094	0.46823
3	66855752	C	G	0.00642	-0.02066	0.06925	0.76548
3	66855756	A	G	0.00132	-0.055	0.15426	0.72146
3	66855773	C	G	0.00212	0.1195	0.1218	0.32652
3	66855849	C	T	0.11983	-0.01594	0.01683	0.34342
3	66855921	G	T	0.56691	-0.00709	0.01094	0.51696
3	66855943	A	T	0.01199	0.05906	0.05023	0.23963
3	66856010	T	C	0.00642	0.02769	0.06849	0.68597
3	66856153	A	G	0.01156	0.03375	0.05111	0.50896
3	66856245	T	C	0.04886	0.00211	0.02525	0.93352
3	66856267	G	A	0.56647	-0.00806	0.01094	0.46128
3	66856399	T	C	0.56647	-0.00785	0.01094	0.47283
3	66856411	A	G	0.16577	0.00185	0.01467	0.89945
3	66856449	T	C	0.01221	0.06085	0.04976	0.22133
3	66856466	G	A	0.01463	-0.00985	0.04538	0.82813
3	66856492	T	C	0.56646	-0.00772	0.01094	0.48036
3	66856589	A	G	0.60921	-0.00731	0.01115	0.51195
3	66856595	G	A	0.02197	0.01275	0.03724	0.73213
3	66856683	G	A	0.01309	-0.02056	0.04783	0.6673
3	66856693	T	C	0.01451	-0.00994	0.04551	0.82716
3	66856905	G	C	0.56656	-0.00772	0.01094	0.48025
3	66856977	T	C	0.01298	-0.00032	0.04856	0.99468
3	66857194	G	A	0.58812	-0.0097	0.01102	0.37889
3	66857252	T	G	0.58809	-0.01014	0.01102	0.35787
3	66857342	C	G	0.0526	0.0135	0.02411	0.57543
3	66857441	G	A	0.05256	0.01274	0.02412	0.59752
3	66857458	C	A	0.17949	0.00546	0.01416	0.69985
3	66857547	C	T	0.01513	-0.00387	0.04453	0.93072
3	66857616	A	C	0.01517	-0.03039	0.04475	0.49714
3	66857626	A	T	0.25153	0.01139	0.01263	0.36716
3	66857639	G	C	0.00377	0.03139	0.09078	0.72954
3	66857663	C	G	0.24482	0.01076	0.01275	0.3987
3	66857703	G	T	0.69183	-0.00491	0.01182	0.67769
3	66857832	C	G	0.00085	0.09925	0.202	0.62319
3	66857884	G	C	0.01661	0.03278	0.04307	0.44652
3	66857977	C	T	0.00132	-0.05448	0.15454	0.72445
3	66858050	G	A	0.46636	-0.01622	0.01093	0.13792
3	66858124	C	G	0.4609	-0.01486	0.01094	0.17442
3	66858203	A	G	0.05287	0.01727	0.02405	0.47286
3	66858233	C	G	0.0563	0.02098	0.02343	0.37051
3	66858259	G	A	0.46111	-0.01497	0.01094	0.17138
3	66858306	T	C	0.00069	0.23534	0.21609	0.27611
3	66858561	A	G	0.47391	-0.01686	0.01092	0.12282
3	66858576	T	C	0.47404	-0.0167	0.01092	0.12638
3	66858646	G	T	0.00051	-0.10304	0.25162	0.68219
3	66858777	A	G	0.00074	0.05591	0.2033	0.78329
3	66858908	C	G	0.31464	0.02137	0.01172	0.068284
3	66858921	T	C	0.47448	-0.01553	0.01092	0.15501
3	66859035	A	C	0.47424	-0.01613	0.01092	0.13965
3	66859046	T	C	0.47443	-0.01563	0.01092	0.1523
3	66859081	G	T	0.0088	0.06022	0.05884	0.30611
3	66859170	T	G	0.47436	-0.0149	0.01092	0.17248
3	66859283	A	T	0.01907	-0.01578	0.03949	0.68956
3	66859345	T	C	0.4743	-0.01511	0.01092	0.16649
3	66859417	T	C	0.01118	0.02643	0.05198	0.61105
3	66859576	A	G	0.00599	-0.07153	0.06991	0.30627
3	66859644	C	T	0.02229	0.01159	0.03701	0.75423
3	66859717	T	G	0.00564	-0.08985	0.07193	0.21163
3	66859772	G	T	0.02238	0.01323	0.03692	0.72018
3	66860014	C	T	0.47484	-0.01606	0.01092	0.14149
3	66860026	T	C	0.47478	-0.0159	0.01092	0.14554
3	66860096	C	A	0.03023	-0.08563	0.03222	0.0075891
3	66860131	A	G	0.0316	-0.01179	0.03138	0.70711
3	66860178	A	G	0.4745	-0.01559	0.01093	0.15348
3	66860179	C	T	0.00629	-0.00706	0.06984	0.91945
3	66860332	G	A	0.79881	-0.00358	0.01379	0.79496
3	66860401	A	G	0.47446	-0.01553	0.01092	0.15513
3	66860590	T	A	0.01319	-0.03291	0.04777	0.49081
3	66860600	A	T	0.4846	-0.01433	0.01092	0.18954
3	66860943	G	C	0.04518	0.00183	0.02634	0.94477
3	66861330	T	C	0.05011	0.01756	0.02468	0.47689
3	66861342	A	G	0.04634	-0.00286	0.02601	0.91256
3	66861656	T	C	0.03447	0.02099	0.03008	0.4852
3	66861750	A	G	0.02223	0.01674	0.037	0.65087
3	66861835	C	G	0.00899	0.00523	0.05914	0.92949
3	66861887	G	A	0.51753	-0.00132	0.01089	0.90336
3	66862072	G	T	0.0129	-0.01192	0.0482	0.80467
3	66862089	A	G	0.01089	0.01258	0.05239	0.81017
3	66862109	G	A	0.02221	0.013	0.03702	0.72545
3	66862237	C	T	0.12631	-0.01197	0.01647	0.46723
3	66862258	C	G	0.01555	-0.01801	0.04424	0.68386
3	66862308	T	A	0.00985	-0.07755	0.05512	0.15945
3	66862354	T	C	0.00806	-0.08612	0.06125	0.1597
3	66862447	C	T	0.00631	0.0211	0.06999	0.76308
3	66862479	C	A	0.0099	0.0453	0.05555	0.41472
3	66862541	C	T	0.8173	-0.00522	0.01433	0.71566
3	66862549	G	C	0.07606	-0.01045	0.02044	0.60898
3	66862602	C	G	0.12618	-0.01332	0.01647	0.41878
3	66862644	C	T	0.51738	0.00061	0.01089	0.95501
3	66862718	T	C	0.51747	0.00064	0.01089	0.95334
3	66862893	G	T	0.51744	0.00062	0.01089	0.95491
3	66862920	C	A	0.02826	0.05276	0.03303	0.11014
3	66863002	G	A	0.51746	0.00082	0.01089	0.9396
3	66863065	C	G	0.51734	0.00061	0.01089	0.95508
3	66863154	A	G	0.02227	0.01489	0.03697	0.68709
3	66863202	G	A	0.04913	0.00636	0.02515	0.80019
3	66863429	G	C	0.00482	-0.10957	0.07965	0.16893
3	66863451	T	G	0.02437	0.05549	0.03549	0.1179
3	66863490	T	C	4e-05	-0.83964	0.99647	0.39944
3	66863586	A	G	0.01785	-0.02371	0.04094	0.56253
3	66863668	G	A	0.51739	0.00041	0.01089	0.97013
3	66863803	C	T	0.01627	-0.01658	0.04308	0.70031
3	66864133	C	T	0.04917	0.00507	0.02514	0.8403
3	66864153	T	G	0.08351	0.01267	0.01972	0.52056
3	66864289	A	G	0.01731	-0.03803	0.0424	0.36976
3	66864583	A	G	0.02719	-0.05691	0.03334	0.087785
3	66864594	A	G	0.04913	0.00671	0.02515	0.78954
3	66864803	G	C	0.01935	-0.04139	0.03935	0.29288
3	66864826	G	A	0.05034	0.01633	0.02464	0.50738
3	66864855	T	G	0.05034	0.01629	0.02464	0.50842
3	66864887	C	T	0.5167	0.00057	0.01089	0.95816
3	66864932	G	A	0.51667	0.00045	0.01089	0.96698
3	66864999	T	C	0.02772	0.05452	0.03313	0.099807
3	66865260	A	T	0.02039	-0.02997	0.03868	0.43852
3	66865875	T	C	0.51585	-0.00125	0.01088	0.90848
3	66865999	C	T	0.07235	0.02574	0.02088	0.21762
3	66866043	G	A	0.02832	0.05025	0.03297	0.12752
3	66866051	A	T	0.00254	-0.01008	0.10977	0.92683
3	66866384	C	G	0.04853	0.02162	0.02516	0.39016
3	66866390	C	T	0.05034	0.01629	0.02464	0.50842
3	66866430	A	G	0.00941	-0.11771	0.05616	0.036103
3	66866458	C	G	0.0503	0.01667	0.02464	0.49866
3	66866536	A	G	0.12541	-0.0162	0.01651	0.32653
3	66866621	G	A	0.04545	5e-05	0.02626	0.99861
3	66866672	A	G	0.51412	-0.00102	0.01088	0.92507
3	66866720	T	C	0.17732	0.01532	0.01419	0.2802
3	66866748	C	T	0.51466	-0.00155	0.01088	0.88698
3	66866811	A	T	0.51525	-0.00067	0.01088	0.95119
3	66866903	T	G	0.02703	-0.00944	0.03366	0.77914
3	66867033	C	T	0.0047	-0.08991	0.08039	0.2634
3	66867094	C	T	0.51648	-5e-05	0.01089	0.99643
3	66867320	T	C	0.00941	-0.11768	0.05616	0.036115
3	66867321	T	A	0.2537	0.0078	0.01246	0.53158
3	66867439	T	C	0.05	0.01648	0.0247	0.5046
3	66867603	G	A	0.52786	-0.00315	0.01085	0.77142
3	66867654	G	T	0.01166	0.11175	0.0506	0.027206
3	66867744	T	A	0.02923	-0.00106	0.0326	0.97402
3	66867844	G	A	0.04839	0.01907	0.02519	0.44892
3	66867982	T	C	0.2949	-0.00164	0.01191	0.89039
3	66868008	T	A	0.08343	0.0141	0.01973	0.47468
3	66868088	A	G	0.05	0.01648	0.0247	0.5046
3	66868229	C	G	0.13627	-0.01653	0.01594	0.29988
3	66868253	C	A	0.01447	0.00633	0.04575	0.88994
3	66868310	T	C	0.5865	-0.00553	0.01111	0.61858
3	66868367	T	G	0.07654	-0.00937	0.02038	0.64582
3	66868382	A	G	0.0037	-0.0466	0.09131	0.60979
3	66868461	G	A	0.01718	-0.03509	0.04253	0.40928
3	66868517	A	C	0.01715	-0.03535	0.04256	0.40614
3	66868559	A	C	0.01269	0.02802	0.04955	0.57169
3	66868576	A	C	0.0135	-0.01841	0.04722	0.69656
3	66868609	T	C	0.6514	0.00179	0.01153	0.87655
3	66868754	T	C	0.01351	-0.01849	0.04722	0.69533
3	66868827	T	C	0.26554	0.00729	0.01229	0.55301
3	66868939	T	C	0.00735	-0.07107	0.06348	0.26286
3	66868942	T	C	0.01616	-0.00344	0.04323	0.93667
3	66869219	G	A	0.0094	-0.11427	0.05621	0.042065
3	66869266	T	G	0.0125	0.0241	0.05054	0.63355
3	66869315	C	G	0.04813	0.01492	0.02524	0.55443
3	66869420	A	T	0.00946	-0.11778	0.05605	0.035621
3	66869546	C	G	0.00012	0.00629	0.60291	0.99168
3	66869582	A	G	0.00945	-0.11847	0.05607	0.034629
3	66869696	T	G	0.08826	-0.00672	0.01914	0.72575
3	66869791	A	G	0.17696	0.01138	0.0142	0.42277
3	66870031	C	G	0.00949	-0.01971	0.05602	0.72488
3	66870753	T	C	0.0594	-0.0036	0.0228	0.8744
3	66870761	G	A	0.65279	0.00342	0.01154	0.7669
3	66870838	T	C	0.05941	-0.00223	0.02279	0.92199
3	66870925	G	C	0.01314	0.01472	0.04774	0.75788
3	66870974	G	A	0.05947	-0.00374	0.02278	0.86974
3	66871065	C	G	0.01306	0.01002	0.04787	0.83413
3	66871132	C	A	0.01232	-0.02604	0.04934	0.59768
3	66871146	C	A	0.01302	-0.00771	0.04799	0.87238
3	66871252	A	G	0.03346	-0.09516	0.03064	0.0018004
3	66871257	G	A	0.05943	-0.00332	0.02279	0.88431
3	66871390	A	C	0.01306	0.01005	0.04787	0.83366
3	66871466	A	G	0.01306	0.01002	0.04787	0.83413
3	66871517	G	A	5e-05	-0.49252	0.84018	0.55774
3	66871531	G	A	0.07231	0.02739	0.02088	0.18967
3	66871564	T	C	0.01453	0.00905	0.04566	0.84284
3	66871583	A	C	0.08812	-0.00453	0.01914	0.81286
3	66871612	A	G	0.00034	0.27098	0.32549	0.40511
3	66871882	C	T	0.00948	-0.11671	0.05599	0.037132
3	66871966	A	G	0.00948	-0.11671	0.05599	0.037132
3	66871998	A	C	0.01306	0.01015	0.04787	0.83214
3	66872055	A	T	0.01306	0.01002	0.04787	0.83413
3	66872070	A	G	0.00948	-0.11602	0.05597	0.038183
3	66872085	C	T	0.00948	-0.11602	0.05597	0.038183
3	66872326	C	G	0.05506	-0.02217	0.02393	0.35421
3	66872351	G	C	0.001	0.02745	0.18956	0.88484
3	66872387	C	T	0.00948	-0.11603	0.05597	0.038179
3	66872495	T	G	0.21475	-0.00417	0.01325	0.75318
3	66872618	T	C	0.00924	-0.12474	0.05666	0.027689
3	66872772	A	G	0.00927	-0.12314	0.05651	0.029315
3	66872877	T	G	0.0019	0.1297	0.13246	0.32751
3	66873145	G	A	0.16137	-0.0043	0.01474	0.77036
3	66873213	A	G	0.045	-0.04069	0.0263	0.12179
3	66873223	A	T	0.09853	-0.01506	0.01823	0.40869
3	66873257	C	T	0.045	-0.04083	0.0263	0.12056
3	66873269	G	A	0.00325	0.0131	0.09643	0.89195
3	66873280	A	T	0.00486	0.10689	0.07954	0.17898
3	66873643	T	C	0.00714	-0.08096	0.0643	0.20804
3	66873708	A	G	0.00949	-0.07452	0.05616	0.18453
3	66873917	T	C	0.00997	-0.11405	0.05438	0.03595
3	66874105	A	G	0.03458	0.03102	0.03009	0.30256
3	66874135	C	T	0.13154	0.00968	0.01622	0.55079
3	66874259	A	G	0.03885	-0.02965	0.0282	0.29304
3	66874261	G	C	0.04957	0.01037	0.02479	0.67563
3	66874475	C	T	0.12547	0.0158	0.01655	0.33981
3	66874481	C	A	0.70903	0.01121	0.01213	0.35537
3	66874549	A	G	0.01298	-0.08292	0.04784	0.083071
3	66874643	A	T	0.04951	0.00866	0.02482	0.72715
3	66874786	A	C	0.02227	0.01679	0.03699	0.64986
3	66874833	C	T	0.04566	-0.03697	0.0261	0.15669
3	66874858	G	T	0.04511	0.00297	0.02633	0.91032
3	66874872	C	T	0.0497	0.00901	0.02475	0.71593
3	66874932	G	T	0.01092	0.04994	0.05251	0.34151
3	66874967	A	G	3e-05	-0.3291	1.20271	0.78437
3	66875162	G	A	0.01498	0.04476	0.04482	0.31802
3	66875225	C	T	0.04531	0.0029	0.02627	0.91219
3	66875468	G	A	0.04567	0.00346	0.02617	0.89482
3	66875677	T	C	0.04531	0.00212	0.02626	0.93577
3	66875695	A	G	0.01307	0.10556	0.04776	0.027102
3	66875748	C	T	0.04534	0.00295	0.02625	0.91039
3	66875754	C	T	0.04534	0.00294	0.02625	0.91087
3	66875807	C	G	0.09229	-0.01303	0.01874	0.48705
3	66875857	A	G	0.11651	0.01898	0.01688	0.26088
3	66875925	G	A	0.04534	0.00283	0.02625	0.9142
3	66875998	G	A	6e-05	0.39235	0.92407	0.67113
3	66876015	G	C	0.04534	0.00296	0.02625	0.91018
3	66876031	C	G	0.03926	-0.02817	0.02804	0.31515
3	66876114	A	G	0.00486	-0.12433	0.07993	0.11985
3	66876182	G	A	0.05005	0.02622	0.02473	0.28899
3	66876394	G	A	0.00042	-0.03112	0.2763	0.91033
3	66876504	T	A	0.01371	0.06954	0.04669	0.13635
3	66876582	A	G	0.11706	0.01683	0.01684	0.31744
3	66877020	G	T	0.00156	0.1902	0.14733	0.19673
3	66877086	G	A	0.03215	0.01034	0.03106	0.73931
3	66877319	T	C	0.04975	0.00637	0.02474	0.79672
3	66877320	G	A	0.35729	0.00779	0.01133	0.49177
3	66877343	T	C	0.35821	0.00627	0.01133	0.58002
3	66877367	A	T	0.00296	-0.01429	0.10122	0.88771
3	66877417	G	C	0.38519	0.00845	0.01115	0.44828
3	66877545	T	C	0.33385	0.0089	0.01146	0.43767
3	66877666	C	T	0.01854	0.01965	0.0405	0.62758
3	66877690	C	G	0.33527	0.00816	0.01142	0.47484
3	66877773	A	G	0.33396	0.00853	0.01146	0.45696
3	66877785	T	C	0.0215	-0.02112	0.03787	0.57698
3	66877795	C	G	0.00296	-0.01423	0.10122	0.88821
3	66877889	C	G	0.00992	-0.03909	0.05522	0.47903
3	66877904	C	G	0.00073	0.0608	0.20562	0.76748
3	66877962	A	G	0.00945	-0.00838	0.05593	0.88095
3	66878082	T	G	0.03251	0.01645	0.03071	0.5922
3	66878099	T	G	4e-05	-0.41005	0.91514	0.6541
3	66878113	A	G	0.02978	0.03065	0.03218	0.34084
3	66878196	T	C	0.00761	0.02282	0.0646	0.72387
3	66878383	G	A	0.04537	0.00198	0.02624	0.93992
3	66878404	A	G	0.01556	0.07584	0.04463	0.089263
3	66878420	T	C	0.04991	0.0051	0.02467	0.8362
3	66878540	C	A	0.01042	0.02159	0.05353	0.68668
3	66878646	C	T	0.04538	0.00239	0.02624	0.92747
3	66878775	G	C	0.04598	0.00403	0.02593	0.87639
3	66878786	A	G	0.04539	0.00205	0.02623	0.93772
3	66878985	G	T	0.10471	-0.0048	0.01772	0.78638
3	66879115	T	C	0.66946	0.00325	0.0117	0.78106
3	66879126	T	C	0.15647	-0.00672	0.0149	0.65204
3	66879285	T	A	0.66949	0.00323	0.0117	0.78233
3	66879324	A	G	0.66926	0.00328	0.0117	0.77893
3	66879398	C	T	0.28204	0.00212	0.01207	0.86046
3	66879462	G	T	0.02999	0.02825	0.03206	0.37828
3	66879546	A	T	0.05285	-0.02662	0.02434	0.27411
3	66879710	A	G	0.669	0.00354	0.0117	0.76232
3	66879713	C	A	0.00264	0.25098	0.10918	0.021515
3	66879884	T	G	0.80153	-0.00519	0.01407	0.71243
3	66879983	C	A	0.00343	-0.10276	0.09447	0.27674
3	66880001	A	G	0.14023	-0.00171	0.0157	0.91327
3	66880031	C	T	0.01357	-0.01746	0.0471	0.71085
3	66880047	A	T	0.04608	0.0039	0.02607	0.881
3	66880052	C	T	0.80159	-0.00578	0.01407	0.68131
3	66880124	C	T	0.04539	0.00193	0.02623	0.94134
3	66880184	C	T	0.02414	-0.01437	0.03516	0.6828
3	66880203	A	G	0.01243	0.03229	0.05069	0.52421
3	66880369	C	T	0.11721	0.01761	0.01683	0.29528
3	66880575	G	A	0.02018	-0.03954	0.03852	0.30467
3	66880579	T	C	0.15396	-0.00474	0.01502	0.75254
3	66880807	G	T	0.07806	-0.02234	0.0202	0.26875
3	66881034	G	A	0.00077	-0.05611	0.19988	0.77891
3	66881118	G	A	0.10747	0.00816	0.01762	0.6431
3	66881200	T	A	0.00883	-0.03371	0.05847	0.56431
3	66881242	A	C	0.10949	-0.01848	0.01751	0.29109
3	66881249	T	C	0.0055	0.09095	0.07542	0.22785
3	66881322	T	C	0.06334	0.00034	0.02228	0.98768
3	66881402	C	G	0.21981	-0.00266	0.01315	0.83952
3	66881606	T	C	0.2827	-0.00367	0.01204	0.76046
3	66881718	A	C	0.01794	0.00811	0.04117	0.84383
3	66881724	G	C	0.01814	-0.1	0.04085	0.014358
3	66881816	G	C	0.10747	0.00869	0.01762	0.62196
3	66881959	G	A	0.06362	-0.00139	0.02223	0.95018
3	66882020	A	G	0.02992	0.02405	0.0321	0.45382
3	66882037	T	C	0.01141	-0.004	0.05264	0.93947
3	66882295	A	G	0.02795	-0.0934	0.03354	0.0051345
3	66882479	T	C	0.28146	-0.00443	0.01206	0.71355
3	66882597	T	G	0.06416	-0.02795	0.02227	0.20946
3	66882606	G	A	0.06358	-0.00126	0.02224	0.9549
3	66882674	A	G	0.107	0.00978	0.01746	0.57536
3	66882744	C	A	0.01374	0.07458	0.04665	0.10986
3	66882773	G	A	0.01619	-0.01165	0.04318	0.78728
3	66882799	G	A	0.28181	-0.00364	0.01206	0.76299
3	66882939	C	G	0.15876	-0.00145	0.01482	0.92218
3	66883101	A	C	0.01474	-0.03084	0.04521	0.49514
3	66883500	A	G	0.00297	-0.01722	0.10114	0.86477
3	66883610	G	A	0.0974	-0.0188	0.01842	0.30752
3	66883651	T	C	0.0113	0.01424	0.05137	0.78158
3	66883694	G	A	0.28205	-0.00301	0.01206	0.80282
3	66883699	A	G	0.28204	-0.00302	0.01206	0.8019
3	66883774	C	T	0.09947	-0.0045	0.01811	0.80386
3	66883775	A	C	0.00464	0.04874	0.08053	0.54506
3	66883777	C	T	0.07808	-0.01969	0.0202	0.32969
3	66883821	C	T	0.01975	-0.03414	0.03896	0.38088
3	66883839	A	G	0.05231	0.00915	0.02414	0.70458
3	66883848	G	A	0.09328	0.0254	0.01866	0.17349
3	66883924	C	T	0.09775	-0.0202	0.01839	0.27214
3	66884109	C	T	0.11192	0.00547	0.01731	0.75203
3	66884189	G	T	0.00139	0.06231	0.1511	0.68007
3	66884231	G	A	0.02997	0.02668	0.03208	0.40564
3	66884407	G	T	0.02776	0.04366	0.03307	0.18679
3	66884474	C	T	0.10013	-0.01571	0.01817	0.38715
3	66884539	G	A	0.01138	-0.0276	0.05123	0.59004
3	66884589	A	G	0.00047	0.05543	0.24825	0.82331
3	66884695	T	C	0.00388	0.04804	0.08894	0.58906
3	66884859	T	C	0.02235	0.01068	0.03695	0.77251
3	66885046	G	T	0.10214	-0.01305	0.018	0.46837
3	66885085	A	T	0.00295	-0.00635	0.10174	0.95025
3	66885104	C	T	0.10701	0.01164	0.01763	0.50934
3	66885311	A	G	0.04506	0.00322	0.02629	0.90243
3	66885351	G	A	0.04492	0.00336	0.0263	0.8985
3	66885364	G	A	0.11709	0.01617	0.01686	0.3376
3	66885584	A	T	0.10543	-0.00542	0.01765	0.75881
3	66885639	G	A	0.00557	-0.10059	0.07198	0.16226
3	66885819	A	G	0.00246	-0.04873	0.11795	0.67953
3	66885900	C	T	0.00342	0.06296	0.09407	0.50332
3	66886051	A	C	0.01805	0.01562	0.04102	0.70341
3	66886066	C	G	0.10676	0.01271	0.01766	0.47161
3	66886154	A	C	0.01341	-0.02592	0.04736	0.58415
3	66886181	C	A	0.01358	-0.02036	0.04709	0.66542
3	66886321	T	C	0.05264	-0.0351	0.0244	0.15033
3	66886391	C	T	0.0445	0.00254	0.02633	0.92311
3	66886550	T	C	0.09389	-0.00405	0.01857	0.82726
3	66886634	G	A	0.04402	-0.03129	0.02655	0.23844
3	66886809	G	A	0.05266	-0.03453	0.0244	0.157
3	66887376	C	T	0.0552	-0.02944	0.02384	0.21696
3	66887429	G	A	0.10672	0.00823	0.01765	0.64095
3	66887438	G	A	0.68066	0.00093	0.01184	0.93742
3	66887593	T	C	0.28093	-0.00406	0.01205	0.73657
3	66887627	A	T	0.01341	-0.02592	0.04736	0.58415
3	66887664	A	G	0.10927	0.00963	0.01746	0.58129
3	66887684	G	T	0.0147	-0.03133	0.04518	0.48801
3	66887753	C	T	0.04497	0.00123	0.02629	0.96266
3	66887787	C	T	0.03401	-0.05797	0.02991	0.05263
3	66887817	A	T	0.04482	0.00213	0.02634	0.93552
3	66887818	T	A	0.10931	0.00991	0.01746	0.57037
3	66887906	G	C	0.10931	0.00997	0.01746	0.56784
3	66888079	A	G	0.02435	-0.00994	0.03503	0.77665
3	66888197	G	A	0.16187	-0.00595	0.01476	0.68712
3	66888258	A	T	0.39942	0.00514	0.01112	0.64424
3	66888263	C	T	0.00107	-0.22645	0.17454	0.1945
3	66888457	T	C	0.04972	0.00587	0.02481	0.8131
3	66888470	C	G	0.09425	-0.00408	0.01853	0.82562
3	66888602	C	G	0.01137	0.00046	0.05268	0.99296
3	66888631	G	C	0.00357	0.03947	0.09123	0.66527
3	66888681	A	T	0.01374	-0.0857	0.04674	0.066751
3	66888767	T	C	0.0009	-0.10289	0.18145	0.57067
3	66888768	A	G	0.05258	-0.03539	0.02441	0.14711
3	66888808	T	C	0.0278	0.04533	0.03306	0.17025
3	66888837	G	T	0.04977	0.00661	0.02479	0.78965
3	66888949	C	T	0.03408	-0.05575	0.02988	0.06206
3	66889136	A	G	0.0497	0.00553	0.02482	0.82356
3	66889164	A	G	0.00653	-0.16436	0.06761	0.015051
3	66889182	T	C	0.01146	0.00238	0.051	0.96272
3	66889337	A	G	0.10469	0.01762	0.01781	0.32253
3	66889348	G	T	0.10487	0.01735	0.0178	0.32962
3	66889403	A	G	0.01632	-0.00464	0.04293	0.9139
3	66889445	G	C	0.02015	-0.03669	0.03854	0.34112
3	66889560	A	G	0.05524	-0.02846	0.02383	0.2323
3	66889723	C	T	0.01209	0.05867	0.04987	0.23945
3	66889800	A	G	0.26845	0.00319	0.01222	0.79411
3	66889950	G	C	0.04553	0.00947	0.02614	0.71698
3	66889980	C	A	0.27021	0.00294	0.01216	0.8089
3	66890008	G	A	0.00013	-0.01282	0.56931	0.98204
3	66890026	A	C	0.05522	-0.02795	0.02384	0.24091
3	66890053	A	T	0.18172	-4e-05	0.01413	0.99786
3	66890149	T	A	0.68148	0.00745	0.01183	0.52875
3	66890180	T	G	0.05524	-0.02847	0.02383	0.23221
3	66890202	A	G	0.05033	0.0278	0.02468	0.25994
3	66890230	A	G	4e-05	-0.4018	0.91484	0.66052
3	66890234	T	A	0.05524	-0.02843	0.02383	0.23292
3	66890324	C	G	0.05724	-0.02344	0.02343	0.3171
3	66890378	T	C	0.01128	0.01354	0.05139	0.79212
3	66890403	C	A	0.00078	0.03082	0.20578	0.88093
3	66890431	C	G	0.00335	0.11421	0.09521	0.23027
3	66890435	A	G	0.08035	0.0164	0.01995	0.41111
3	66890558	C	A	0.01793	0.00723	0.04115	0.86059
3	66890594	T	G	0.0552	-0.02764	0.02384	0.24632
3	66890624	A	G	0.10621	0.01463	0.01759	0.40567
3	66890640	G	A	0.05524	-0.02846	0.02383	0.2323
3	66890646	G	A	0.05524	-0.02846	0.02383	0.2323
3	66890689	T	C	0.05048	0.02799	0.02465	0.25615
3	66890699	C	A	0.13789	0.01192	0.01574	0.44915
3	66890796	C	T	0.05523	-0.02831	0.02383	0.23489
3	66890836	C	G	0.05524	-0.0283	0.02383	0.23502
3	66890894	A	T	0.05515	-0.02878	0.02386	0.2278
3	66890923	A	G	0.04092	-0.00052	0.02744	0.9848
3	66891024	T	C	0.04539	0.01105	0.02617	0.673
3	66891057	T	C	0.02442	-0.01072	0.03495	0.75916
3	66891087	G	A	0.10412	0.01805	0.01785	0.31183
3	66891106	T	C	0.04412	-0.00285	0.02645	0.9142
3	66891259	A	G	0.01793	0.00165	0.04121	0.96813
3	66891288	C	G	0.00503	-0.13261	0.08115	0.10222
3	66891334	C	T	0.09626	-0.00364	0.01836	0.84277
3	66891519	C	G	0.006	0.04194	0.07006	0.54942
3	66891678	T	C	0.0148	0.09013	0.04589	0.049497
3	66891728	T	C	0.01129	0.0132	0.05139	0.79727
3	66891774	T	G	0.07831	0.01645	0.02018	0.4148
3	66891910	G	C	0.01729	-0.02323	0.04224	0.58223
3	66892025	T	C	0.68165	0.00557	0.01183	0.63797
3	66892078	A	G	0.01702	-0.0369	0.04205	0.38013
3	66892080	C	T	0.05524	-0.02843	0.02383	0.23282
3	66892315	T	C	0.05243	0.00342	0.02421	0.88763
3	66892402	A	G	0.00039	-0.26371	0.28237	0.35035
3	66892454	G	A	0.01703	-0.03692	0.04205	0.37995
3	66892868	C	A	0.03459	-0.07856	0.03016	0.0089012
3	66892978	C	T	0.01571	-0.13132	0.0446	0.0030166
3	66893041	G	C	0.01799	0.00604	0.04111	0.88323
3	66893188	A	T	0.05308	0.00504	0.0241	0.83421
3	66893201	T	G	0.05525	-0.02921	0.02385	0.22056
3	66893275	C	T	0.10599	0.01554	0.01774	0.38089
3	66893353	A	G	0.01046	0.03078	0.05386	0.56762
3	66893421	A	G	0.0278	-0.02411	0.0332	0.46771
3	66893456	T	G	0.01195	-0.04273	0.05026	0.39529
3	66893466	G	T	0.05541	-0.02754	0.02382	0.24762
3	66893566	C	A	0.09635	-0.00443	0.01834	0.80924
3	66893570	A	G	0.00505	0.09521	0.07758	0.21972
3	66893587	A	G	0.06426	-0.02913	0.02225	0.19048
3	66893664	T	C	0.05272	-0.03463	0.0244	0.15574
3	66894052	T	C	0.01634	-0.00883	0.04293	0.83712
3	66894069	T	C	0.00018	-0.02957	0.40352	0.94159
3	66894073	C	T	0.05524	-0.02912	0.02385	0.22207
3	66894256	A	T	0.05522	-0.02921	0.02386	0.22082
3	66894291	C	T	0.05525	-0.02927	0.02385	0.21959
3	66894380	C	A	0.05537	-0.02745	0.02383	0.24929
3	66894517	T	C	0.05517	-0.0291	0.02386	0.22257
3	66894550	C	A	0.0554	-0.02772	0.02382	0.24459
3	66894566	A	G	0.07857	0.01689	0.02009	0.40064
3	66894618	T	C	0.13761	0.0128	0.01577	0.41712
3	66894619	A	G	0.00454	0.02732	0.08615	0.75113
3	66894638	A	G	0.02845	0.06738	0.03268	0.039236
3	66894696	C	T	0.0187	-0.01206	0.04067	0.76683
3	66894875	T	G	0.17466	-0.01541	0.01429	0.28108
3	66894939	G	A	0.73042	0.00808	0.01249	0.51767
3	66895237	T	C	0.01495	0.12543	0.04414	0.0047093
3	66895262	C	T	0.04718	-0.0047	0.02558	0.85408
3	66895282	G	C	0.0553	-0.02932	0.02384	0.2188
3	66895311	G	A	0.0327	-0.11103	0.03109	0.00032772
3	66895331	C	T	0.06468	-0.03035	0.02223	0.17227
3	66895350	C	G	0.0626	0.00147	0.02234	0.94772
3	66895416	C	T	0.22722	-0.0097	0.01296	0.45412
3	66895432	C	G	0.04445	-4e-05	0.02636	0.99881
3	66895469	C	T	0.26869	0.00396	0.01225	0.74664
3	66895504	G	T	0.05525	-0.02924	0.02385	0.22019
3	66895586	T	C	0.05525	-0.02924	0.02385	0.22019
3	66895778	G	T	0.01163	-0.00309	0.05065	0.95128
3	66895793	C	A	0.01162	-0.0018	0.05067	0.97171
3	66895801	T	C	0.00527	0.0362	0.07633	0.63535
3	66895814	A	G	0.05525	-0.02929	0.02385	0.21941
3	66895824	A	C	0.00328	0.04011	0.09616	0.67657
3	66895902	A	T	0.04567	0.00907	0.02612	0.72829
3	66895904	T	C	0.0552	-0.0295	0.02386	0.21641
3	66895929	C	A	0.05526	-0.02925	0.02385	0.21998
3	66895979	G	A	0.05524	-0.02943	0.02385	0.21718
3	66896004	T	C	0.00992	-0.04764	0.05534	0.38931
3	66896261	C	G	0.0053	-0.14525	0.0748	0.052149
3	66896299	G	C	0.0339	-0.04961	0.03002	0.098388
3	66896418	A	G	0.08066	0.01554	0.0199	0.4351
3	66896583	T	C	0.01281	-0.02196	0.04856	0.65103
3	66897192	A	T	0.05525	-0.02923	0.02385	0.22026
3	66897281	C	G	0.00095	0.44207	0.18928	0.019516
3	66897345	G	A	0.05525	-0.02923	0.02385	0.22029
3	66897387	C	G	0.05244	-0.03245	0.02446	0.1846
3	66897518	G	A	0.0454	0.0085	0.0262	0.74574
3	66897566	T	C	0.03088	0.00034	0.03157	0.99133
3	66897590	C	G	0.06263	0.00332	0.02242	0.88232
3	66897888	T	C	0.00017	-0.87269	0.43918	0.046914
3	66897962	G	A	0.82687	-0.01558	0.01498	0.29815
3	66897996	T	C	0.21327	0.01257	0.01326	0.34322
3	66898228	A	G	0.06239	0.00399	0.02246	0.85902
3	66898244	C	T	0.0339	-0.04961	0.03002	0.098378
3	66899354	C	T	0.21618	0.01328	0.01319	0.31424
3	66899407	C	G	0.01279	-0.02156	0.04856	0.65713
3	66899574	G	A	0.02801	0.04097	0.03298	0.21418
3	66899595	G	A	0.05524	-0.02928	0.02385	0.21966
3	66899601	A	G	0.1255	0.01349	0.0164	0.41072
3	66899639	A	G	0.05525	-0.02938	0.02385	0.21787
3	66899755	A	C	0.01278	-0.0212	0.04857	0.6625
3	66899870	A	G	0.05525	-0.02935	0.02385	0.21835
3	66900101	A	G	0.21496	0.01426	0.01324	0.28138
3	66900164	T	A	0.01759	-0.112	0.04228	0.0076918
3	66900221	G	C	0.05543	-0.03463	0.02378	0.14537
3	66900317	C	T	0.04972	0.00852	0.02485	0.73174
3	66900351	A	G	0.0554	-0.03528	0.02379	0.13803
3	66900392	A	G	0.68169	0.00602	0.01185	0.61136
3	66900556	C	T	0.05542	-0.03464	0.02378	0.14517
3	66900572	G	C	0.68181	0.00697	0.01186	0.55638
3	66900588	T	C	0.05543	-0.03455	0.02378	0.14622
3	66900782	A	G	0.06237	0.00837	0.02246	0.70922
3	66900845	C	G	0.00527	-0.12462	0.07417	0.092897
3	66900864	T	G	0.00037	0.04449	0.28285	0.87502
3	66900890	A	G	0.00352	-0.12624	0.09426	0.18047
3	66900900	C	T	0.05542	-0.03462	0.02378	0.14544
3	66900905	A	G	0.01633	-0.00929	0.04284	0.82823
3	66901038	C	T	0.04521	0.00899	0.02619	0.73132
3	66901141	G	A	0.05544	-0.03438	0.02378	0.14819
3	66901274	T	C	6e-05	0.08593	0.73735	0.90723
3	66901286	T	C	0.05291	-0.03987	0.02432	0.10113
3	66901330	C	T	0.05544	-0.03438	0.02378	0.14819
3	66901428	C	T	0.0784	-0.02483	0.02017	0.21826
3	66901534	T	C	0.05544	-0.03402	0.02378	0.15253
3	66901535	A	G	0.00012	-0.47072	0.53392	0.37798
3	66901563	A	T	0.74706	-0.00466	0.01281	0.71595
3	66901716	A	T	0.05544	-0.03442	0.02378	0.14771
3	66901749	T	C	0.00272	-0.05094	0.10604	0.63094
3	66901757	G	C	0.05542	-0.03458	0.02378	0.14586
3	66901772	A	T	0.05544	-0.03425	0.02378	0.1498
3	66901940	G	C	0.01186	-0.03667	0.05036	0.46652
3	66902164	G	A	0.0556	-0.03267	0.02375	0.16892
3	66902242	A	G	0.00566	-0.10692	0.07161	0.13544
3	66902286	T	C	0.0001	-0.61928	0.59432	0.29741
3	66902287	T	G	0.2795	0.00291	0.01213	0.81049
3	66902370	G	A	0.0554	-0.03421	0.02379	0.15048
3	66902469	A	G	0.06306	0.01541	0.02235	0.49059
3	66902513	A	G	0.05388	0.00113	0.0241	0.96248
3	66902624	A	T	0.04515	0.00937	0.02621	0.72066
3	66902762	C	T	0.00491	0.04414	0.07871	0.575
3	66902867	T	C	0.05538	-0.03543	0.02379	0.13635
3	66902868	A	G	0.01189	-0.03636	0.05031	0.46991
3	66902879	A	C	0.04514	0.00977	0.02623	0.70966
3	66902917	T	A	0.01179	0.01419	0.0503	0.77781
3	66902921	G	T	0.16717	0.00012	0.01457	0.99329
3	66903069	A	G	0.00709	0.02268	0.06519	0.72786
3	66903107	G	A	0.09624	-0.00645	0.01839	0.72568
3	66903139	G	C	0.0115	0.00418	0.05096	0.93465
3	66903172	A	C	0.68234	0.00478	0.01186	0.68663
3	66903234	C	T	0.13031	-0.00925	0.01614	0.56649
3	66903310	T	C	0.02032	-0.03191	0.03842	0.40622
3	66903366	T	A	0.04277	0.03135	0.02743	0.25312
3	66903518	G	A	0.05285	-0.04105	0.02434	0.091643
3	66903564	T	A	0.00581	0.02167	0.0717	0.76245
3	66903567	G	A	0.05538	-0.03549	0.02379	0.13569
3	66903627	G	A	0.00564	0.02748	0.07346	0.70837
3	66903844	T	C	0.0452	0.00957	0.02619	0.71473
3	66903989	C	G	0.00566	-0.10692	0.07161	0.13544
3	66904001	G	T	0.00527	-0.12462	0.07417	0.092897
3	66904128	A	G	0.05538	-0.03549	0.02379	0.13578
3	66904148	A	G	0.05538	-0.03549	0.02379	0.13578
3	66904195	T	C	0.05285	-0.04103	0.02434	0.091789
3	66904338	T	C	0.01896	-0.04494	0.04012	0.26269
3	66904425	C	T	0.00081	0.05457	0.20319	0.78827
3	66904453	G	T	0.01575	0.08482	0.04345	0.050941
3	66904530	T	A	0.05546	-0.03444	0.02377	0.14746
3	66904560	C	A	0.00581	0.02167	0.0717	0.76245
3	66904567	G	A	0.28091	0.00254	0.01211	0.83353
3	66904615	T	A	0.1261	0.01318	0.01635	0.42024
3	66904667	C	G	0.01354	-0.02985	0.04715	0.52678
3	66904814	C	T	0.05549	-0.03374	0.02377	0.15575
3	66904880	A	G	0.05543	-0.03348	0.02378	0.1592
3	66904969	A	G	0.05549	-0.03252	0.02377	0.17126
3	66904984	G	A	0.03178	0.00095	0.03109	0.97558
3	66905015	G	A	0.05549	-0.03264	0.02377	0.16968
3	66905045	C	T	0.02037	-0.0305	0.03838	0.42674
3	66905118	A	G	0.01994	-0.02667	0.03881	0.49201
3	66905196	A	T	0.08911	-0.00607	0.01914	0.75133
3	66905590	G	A	0.09285	-0.0188	0.01867	0.31377
3	66905641	T	C	0.00065	0.16269	0.22533	0.4703
3	66905642	A	G	0.09981	-0.02564	0.01805	0.1553
3	66905687	C	T	0.18238	-0.01059	0.0141	0.45271
3	66905775	T	C	0.14292	0.0008	0.01557	0.95921
3	66905901	A	G	0.20912	-0.02316	0.01332	0.082035
3	66905917	A	C	0.00026	0.47026	0.34528	0.1732
3	66905929	T	C	0.00019	0.65821	0.47561	0.16638
3	66906087	A	C	0.98802	-0.01885	0.06603	0.77529
3	66906125	C	T	0.0862	0.02623	0.0199	0.18748
3	66906127	A	G	0.20003	-0.02153	0.0135	0.11082
3	66906174	A	G	0.01628	-0.04645	0.04304	0.28043
3	66906187	G	A	0.04679	-0.04101	0.02589	0.11326
3	66906308	G	T	0.36123	0.01577	0.01141	0.16684
3	66906329	A	G	0.01636	-0.047	0.04293	0.27361
3	66906389	G	T	0.19995	-0.02067	0.0135	0.12577
3	66906395	C	T	0.2003	-0.02075	0.01349	0.12408
3	66906526	T	C	0.01885	0.08375	0.03982	0.035457
3	66906642	G	T	0.009	0.04824	0.05718	0.39888
3	66906755	G	A	0.02627	-0.05049	0.03396	0.13712
3	66906775	T	C	0.52184	-0.02183	0.01093	0.045828
3	66906895	C	T	0.20019	-0.02114	0.01349	0.11716
3	66906996	C	A	0.32367	-0.00897	0.01154	0.43687
3	66907090	G	A	0.00961	0.11431	0.05513	0.038125
3	66907221	C	T	0.0487	-0.0282	0.02522	0.26345
3	66907225	T	C	0.01901	0.07999	0.03966	0.043723
3	66907366	G	C	0.11314	0.00413	0.01712	0.80916
3	66907387	A	G	0.20009	-0.02139	0.0135	0.1131
3	66907421	A	G	0.20009	-0.02139	0.0135	0.11308
3	66907481	C	T	0.12918	-0.01793	0.0161	0.26532
3	66907694	T	C	0.1865	-0.02012	0.01387	0.14699
3	66907779	G	C	0.20009	-0.02139	0.0135	0.11303
3	66907820	A	G	0.00996	-0.05077	0.05483	0.35449
3	66907832	C	T	0.02003	0.05755	0.03884	0.13837
3	66907870	T	C	0.1665	-0.00758	0.01458	0.60315
3	66907972	A	G	0.20076	-0.02126	0.01346	0.11418
3	66908161	T	C	0.01944	-0.0094	0.0393	0.81097
3	66908169	A	C	0.20049	-0.02252	0.01349	0.095098
3	66908175	T	G	0.20049	-0.02253	0.01349	0.094866
3	66908374	A	G	0.00222	0.18337	0.11823	0.1209
3	66908418	G	T	0.12959	-0.02091	0.01609	0.1936
3	66908493	C	T	0.20122	-0.02422	0.01348	0.072289
3	66908539	T	G	0.14856	0.00021	0.01527	0.98926
3	66908562	T	A	0.31717	-0.00666	0.01163	0.56715
3	66908581	T	C	0.00083	-0.15598	0.19168	0.4158
3	66908614	A	G	0.07076	-0.02305	0.0211	0.27471
3	66908676	A	G	0.0104	-0.02663	0.05469	0.6263
3	66908756	T	C	0.19992	-0.02419	0.01352	0.073697
3	66908768	G	C	0.00859	0.01906	0.0585	0.74452
3	66908783	T	C	0.12036	-0.02456	0.01671	0.1415
3	66908828	T	G	0.06321	-0.0339	0.0223	0.12848
3	66908840	T	C	0.01021	0.10783	0.05387	0.045326
3	66908863	T	C	0.15383	-0.00476	0.015	0.75124
3	66908959	G	A	0.1901	-0.02243	0.01378	0.10348
3	66909044	C	G	0.00789	0.04919	0.06084	0.41875
3	66909072	G	C	0.07753	-0.01664	0.02027	0.41188
3	66909131	C	G	0.06685	-0.01612	0.02179	0.45957
3	66909165	C	T	0.02952	-0.00646	0.03198	0.83994
3	66909224	T	C	0.14298	0.01342	0.01546	0.38542
3	66909238	T	C	0.16441	-0.00592	0.01461	0.68533
3	66909261	C	G	0.15048	-0.00839	0.01514	0.57927
3	66909314	A	G	0.16655	-0.0077	0.01462	0.59831
3	66909343	A	G	0.11866	-0.01919	0.01678	0.25272
3	66909410	C	G	0.25797	0.01367	0.01245	0.2722
3	66909459	T	G	0.08616	-0.00673	0.01931	0.72726
3	66909604	A	C	0.02248	-0.13545	0.0374	0.00026304
3	66909662	A	G	0.01351	0.00745	0.0471	0.87425
3	66909877	T	G	0.08901	-0.03473	0.019	0.067526
3	66909886	A	G	0.00546	0.05043	0.07679	0.51132
3	66909976	C	T	0.00401	0.17929	0.08725	0.039886
3	66910010	T	C	0.01875	0.00095	0.04059	0.98132
3	66910046	C	T	0.09439	-0.03654	0.01847	0.047921
3	66910243	C	T	0.09432	-0.03674	0.01848	0.046825
3	66910247	T	C	0.00888	-0.08247	0.05908	0.16278
3	66910343	A	T	0.41091	0.00612	0.0111	0.58127
3	66910360	A	G	0.04142	-0.08604	0.02749	0.0016702
3	66910427	A	G	0.08591	-0.00567	0.01933	0.76935
3	66910618	C	T	0.00504	-0.08048	0.07709	0.29645
3	66910619	A	G	0.00045	-0.14874	0.26155	0.56958
3	66910679	T	G	0.09436	-0.03694	0.01848	0.045548
3	66910693	G	A	0.41119	0.00546	0.01109	0.6228
3	66910703	A	G	0.02106	0.01368	0.03776	0.71722
3	66910745	G	T	0.09433	-0.03707	0.01848	0.044837
3	66911021	A	G	0.00104	0.1478	0.17938	0.40998
3	66911022	A	G	0.01394	0.14308	0.04656	0.0022583
3	66911033	T	C	0.01187	-0.02384	0.04987	0.63256
3	66911058	A	C	0.00068	0.16294	0.21704	0.45282
3	66911089	G	C	0.01189	-0.02099	0.04985	0.67371
3	66911178	A	C	0.09438	-0.03653	0.01847	0.048012
3	66911200	T	G	0.0119	-0.021	0.04984	0.67352
3	66911249	G	C	0.0526	0.00497	0.02422	0.83744
3	66911276	T	C	0.01022	0.01848	0.05395	0.73196
3	66911298	A	C	0.03844	-0.01557	0.02823	0.58122
3	66911314	A	G	0.09437	-0.03638	0.01847	0.048929
3	66911319	A	G	0.09437	-0.03638	0.01847	0.048929
3	66911332	A	G	0.2903	0.00407	0.01202	0.73497
3	66911336	A	G	0.05256	0.0064	0.02423	0.79156
3	66911377	T	C	0.01026	0.02205	0.05388	0.68235
3	66911537	T	C	0.09436	-0.03672	0.01848	0.046891
3	66911661	C	T	0.04166	-0.08641	0.02743	0.0015569
3	66911710	C	G	0.05256	0.00537	0.02424	0.82461
3	66911734	G	A	0.02719	0.01636	0.03341	0.62442
3	66911825	T	C	0.01979	-0.01799	0.03882	0.64296
3	66911829	A	G	0.02248	-0.13061	0.03733	0.00042496
3	66911929	G	A	0.00034	0.26027	0.30081	0.38692
3	66912064	C	T	0.09438	-0.03662	0.01847	0.047471
3	66912278	A	G	0.09463	-0.0365	0.01843	0.047584
3	66912330	G	T	0.09437	-0.03657	0.01847	0.047791
3	66912381	G	A	0.01271	-0.01614	0.04843	0.73896
3	66912397	C	T	0.0944	-0.03663	0.01847	0.047365
3	66912592	G	A	0.01148	-0.01111	0.05225	0.83162
3	66912679	C	T	0.92477	-0.00249	0.02126	0.90685
3	66912802	G	A	0.16216	-0.01176	0.01476	0.42557
3	66913025	C	T	0.00167	0.27938	0.13619	0.040226
3	66913038	A	T	0.00242	0.03689	0.11082	0.7392
3	66913095	A	C	0.01278	-0.01305	0.04829	0.78701
3	66913133	A	T	0.05292	0.00461	0.02415	0.84859
3	66913143	C	A	0.04311	0.04318	0.02666	0.1053
3	66913164	C	A	0.05292	0.00461	0.02415	0.84859
3	66913168	C	T	0.02722	0.01862	0.03339	0.57707
3	66913192	T	G	0.09444	-0.03616	0.01847	0.050253
3	66913213	T	C	0.09439	-0.03697	0.01848	0.045397
3	66913231	C	T	0.09445	-0.03622	0.01847	0.049862
3	66913239	T	C	0.09434	-0.03554	0.01848	0.054489
3	66913257	G	A	0.46241	-0.00258	0.01089	0.81263
3	66913349	T	C	0.08661	0.01584	0.01929	0.41155
3	66913358	A	G	0.01415	-0.03003	0.04594	0.51337
3	66913413	T	A	0.36792	0.01075	0.0113	0.34178
3	66913647	T	C	0.03117	0.01106	0.03154	0.72579
3	66913651	C	T	0.02747	0.01733	0.03325	0.60227
3	66913663	G	A	0.04107	-0.08213	0.02759	0.0027972
3	66913683	A	G	0.09436	-0.03428	0.01848	0.063558
3	66913723	A	G	0.09435	-0.03451	0.01848	0.061803
3	66913860	A	G	0.17929	0.01505	0.01436	0.29435
3	66914034	G	A	0.16342	0.00963	0.0147	0.51247
3	66914064	G	A	0.00986	0.12235	0.05448	0.024717
3	66914102	A	T	0.18805	0.01368	0.01408	0.33132
3	66914121	T	C	0.0001	-0.16469	0.55162	0.76528
3	66914197	C	T	0.03017	0.01877	0.03184	0.55558
3	66914422	C	G	0.00242	0.03889	0.11079	0.72554
3	66914461	T	C	0.09434	-0.03427	0.01848	0.063665
3	66914565	G	A	0.09436	-0.03428	0.01848	0.063558
3	66914581	A	C	0.41083	0.00418	0.01109	0.70653
3	66914689	C	T	0.3848	-0.00992	0.01114	0.37351
3	66914698	A	C	0.05258	0.00756	0.02423	0.75506
3	66914758	C	T	0.38679	-0.01012	0.01109	0.36151
3	66914830	G	T	0.09438	-0.03317	0.01848	0.072606
3	66914877	A	G	0.0943	-0.03413	0.01848	0.064832
3	66914949	G	C	0.17921	0.0155	0.01436	0.28019
3	66914982	T	C	0.28737	0.00679	0.01204	0.57293
3	66915052	A	C	0.00982	0.12139	0.05458	0.026151
3	66915178	A	C	0.05295	0.0064	0.02414	0.7908
3	66915225	C	T	0.00499	-0.09002	0.07727	0.24398
3	66915726	G	A	0.02151	-0.02609	0.03743	0.48585
3	66915741	G	A	0.16847	-0.0179	0.01451	0.21741
3	66916160	T	C	6e-05	0.66628	0.84514	0.43048
3	66916310	T	G	0.04168	-0.08346	0.0274	0.0022193
3	66916668	C	T	0.0431	0.04392	0.02665	0.09935
3	66916706	A	G	0.08059	-0.00452	0.01984	0.81965
3	66916783	A	G	0.92435	-0.00354	0.02118	0.86732
3	66916897	C	A	0.09728	-0.04197	0.01824	0.02138
3	66917075	A	G	0.02347	0.03496	0.03614	0.33332
3	66917233	G	A	0.03489	0.00608	0.02966	0.83773
3	66917269	A	T	0.09695	-0.04167	0.01827	0.022536
3	66917401	G	C	0.05266	0.00669	0.0242	0.78218
3	66917635	T	C	0.20998	0.00505	0.01338	0.70598
3	66917656	A	G	0.00092	-0.08988	0.18306	0.62344
3	66917717	C	T	0.04088	-0.01833	0.02751	0.50516
3	66917977	C	G	0.0128	0.00123	0.04824	0.97963
3	66918011	G	A	0.92438	-0.00275	0.02119	0.89688
3	66918111	C	A	0.17864	0.00279	0.01422	0.84425
3	66918124	A	G	0.97183	-0.02716	0.03615	0.45245
3	66918197	A	G	0.03434	0.00212	0.02991	0.9434
3	66918368	C	T	0.14793	0.01634	0.01562	0.2954
3	66918508	A	C	0.09728	-0.0428	0.01825	0.018981
3	66918843	T	G	0.09722	-0.04127	0.01825	0.023694
3	66919243	A	C	0.05273	0.0055	0.02419	0.82012
3	66919273	G	A	0.10045	-0.03887	0.01798	0.030651
3	66919330	T	C	0.02096	0.01421	0.03783	0.70721
3	66919377	C	T	0.28539	0.00592	0.01208	0.62411
3	66919544	T	C	6e-05	0.27455	0.86884	0.752
3	66919578	A	G	0.02855	0.02406	0.03271	0.46193
3	66920266	G	C	0.02858	0.02381	0.03269	0.46646
3	66920388	T	C	0.15488	-0.01301	0.01505	0.38723
3	66920662	A	G	0.00087	0.05527	0.1827	0.76225
3	66920677	C	G	0.01271	-0.00106	0.04838	0.98245
3	66921142	A	G	0.92437	-0.00306	0.02118	0.88503
3	66921272	T	C	0.04079	-0.01962	0.02754	0.47624
3	66921283	C	T	0.03699	-0.00389	0.02876	0.89231
3	66921311	G	T	0.09434	-0.03729	0.01848	0.043645
3	66921313	C	G	0.01219	-0.02139	0.04929	0.6643
3	66921422	A	G	0.09426	-0.03524	0.01849	0.056747
3	66921524	A	G	0.03064	0.03434	0.03177	0.27984
3	66921594	T	C	0.00015	0.50302	0.44634	0.25974
3	66921601	A	C	0.05237	0.00521	0.02428	0.83007
3	66921621	T	C	0.01667	0.03804	0.04246	0.37029
3	66921788	A	G	0.25544	0.01673	0.01249	0.18032
3	66922018	T	C	0.09412	-0.03605	0.0185	0.051375
3	66922137	C	A	0.0222	-0.13325	0.03757	0.00035299
3	66922139	A	G	0.00572	-0.11856	0.0711	0.095411
3	66922310	T	C	0.05238	0.00421	0.02428	0.8623
3	66922333	A	G	0.01211	-0.01704	0.04944	0.73038
3	66922478	C	G	0.07828	0.02118	0.02018	0.29382
3	66922730	T	C	0.09425	-0.03736	0.01849	0.043329
3	66922916	C	T	0.06931	-0.00685	0.02162	0.75121
3	66923036	T	C	0.09432	-0.03754	0.01848	0.042248
3	66923094	T	C	3e-05	-2.05633	1.6448	0.21123
3	66923346	C	G	0.24843	0.01673	0.0126	0.18426
3	66923578	T	G	0.00615	-0.09503	0.06859	0.16595
3	66923631	G	C	0.09418	-0.03622	0.0185	0.050238
3	66923722	C	T	0.0971	-0.04369	0.01826	0.016721
3	66923751	A	G	0.05244	0.005	0.02426	0.83686
3	66923817	G	T	0.05243	0.00469	0.02427	0.84682
3	66923902	C	T	0.02706	0.01785	0.0335	0.59419
3	66924036	T	A	0.04187	-0.0885	0.02736	0.001157
3	66924079	C	A	0.32415	0.00921	0.01169	0.43092
3	66924135	G	A	0.01352	-0.04267	0.04719	0.36592
3	66924151	G	C	0.05238	0.00596	0.02427	0.80597
3	66924209	C	G	0.16606	-0.02322	0.01464	0.11272
3	66924260	C	T	0.05235	0.0058	0.02428	0.81116
3	66924272	C	G	0.07908	0.01843	0.02012	0.35955
3	66924330	G	A	0.01212	-0.01763	0.0495	0.72169
3	66924442	T	C	0.01209	-0.01685	0.04963	0.73432
3	66924463	A	C	0.00025	0.14257	0.36129	0.69313
3	66925573	T	A	0.27311	0.01952	0.01232	0.11302
3	66925694	T	A	0.05233	0.00498	0.02429	0.83737
3	66925735	A	G	7e-05	-0.39277	0.80237	0.62448
3	66925819	T	C	0.0062	-0.08496	0.06846	0.2146
3	66925845	C	T	0.04217	-0.08281	0.02731	0.0023212
3	66925846	A	G	0.12645	-0.00049	0.01638	0.97594
3	66925883	A	G	0.1264	-0.00052	0.01638	0.97472
3	66925890	A	C	0.003	0.06371	0.10157	0.53051
3	66926123	A	T	0.00616	-0.09244	0.06862	0.17794
3	66926233	A	C	0.07685	-0.00716	0.02045	0.7262
3	66926279	C	T	0.04728	-0.00902	0.02547	0.72321
3	66926369	C	A	0.40363	0.00519	0.01114	0.64136
3	66926448	T	A	0.0416	-0.08281	0.02749	0.0024803
3	66926542	C	G	0.50201	-0.00129	0.01091	0.90556
3	66926629	T	G	0.00892	-0.02705	0.05825	0.64237
3	66926631	T	C	0.00926	-0.0629	0.0568	0.2681
3	66926658	T	C	0.01217	-0.02329	0.04939	0.63729
3	66926692	G	A	0.15552	-0.01389	0.01503	0.35542
3	66926737	G	A	0.00742	-0.0487	0.06354	0.44342
3	66926769	G	T	0.00435	0.01523	0.08784	0.86237
3	66926788	A	C	0.12748	-0.0061	0.01633	0.70867
3	66926906	C	A	0.00022	-0.17671	0.36794	0.63104
3	66927079	C	G	0.13297	-0.0013	0.01604	0.93521
3	66927142	A	C	0.04172	-0.08498	0.02745	0.0018744
3	66927201	A	C	0.03201	0.03057	0.03112	0.32592
3	66927210	A	T	0.01222	-0.01983	0.04932	0.68764
3	66927443	A	C	0.02918	-0.0058	0.03249	0.85829
3	66927504	T	C	0.00092	0.13463	0.18422	0.4649
3	66927531	T	A	0.46488	0.01849	0.01092	0.090602
3	66927611	C	A	0.05246	0.0111	0.02427	0.6473
3	66927842	T	C	0.03741	-0.07909	0.02887	0.0059439
3	66927907	T	G	0.00734	0.07382	0.06482	0.25476
3	66927926	G	C	0.03429	0.00305	0.03003	0.91904
3	66927981	T	C	0.00105	0.15079	0.17884	0.39914
3	66928090	C	A	0.00022	-0.17726	0.36794	0.62997
3	66928196	T	G	0.00765	0.00932	0.06301	0.88239
3	66928336	A	G	0.00068	0.06645	0.22125	0.76393
3	66928419	A	G	0.01217	-0.01479	0.0494	0.76458
3	66928450	C	T	0.00342	0.07493	0.09313	0.42109
3	66928557	A	G	0.0059	-0.004	0.07208	0.95578
3	66928707	C	T	0.01243	-0.02609	0.04886	0.59335
3	66928743	T	C	0.08592	-0.00796	0.01937	0.68124
3	66928844	C	A	0.17371	-0.01331	0.01438	0.35466
3	66928959	C	G	0.04207	-0.08836	0.02736	0.0011799
3	66928966	C	T	0.05252	0.00612	0.02425	0.80087
3	66929099	G	T	0.34728	0.00123	0.01143	0.91401
3	66929125	T	C	0.00583	0.15613	0.0718	0.029659
3	66929752	C	T	0.18277	0.02593	0.01423	0.068371
3	66929759	C	T	0.01893	-0.02556	0.03964	0.51904
3	66929809	G	A	5e-05	0.15839	0.85381	0.85283
3	66929866	C	T	0.04215	-0.08617	0.02732	0.0015333
3	66930149	A	G	0.92547	-0.00153	0.02131	0.94265
3	66930199	C	T	0.00053	0.55236	0.24874	0.026378
3	66930228	C	A	0.37486	-0.00298	0.01127	0.79145
3	66930324	T	C	0.03121	0.01629	0.03123	0.60197
3	66930444	A	G	0.00817	-0.0055	0.06091	0.92802
3	66930496	G	T	0.00818	-0.00681	0.06089	0.91096
3	66931046	G	A	0.26764	-0.02522	0.01231	0.040553
3	66931288	T	C	0.02621	0.03028	0.03388	0.37147
3	66931306	C	T	0.01202	-0.01853	0.04968	0.70923
3	66931348	G	A	0.92579	8e-05	0.02134	0.99703
3	66931371	G	A	0.07788	-0.01948	0.02041	0.33986
3	66931388	G	A	0.19614	0.02175	0.01383	0.11589
3	66931428	T	A	0.37404	-0.00271	0.01128	0.80989
3	66932433	C	T	0.01183	0.01013	0.05152	0.8442
3	66932624	A	G	0.01131	-0.03564	0.05136	0.48776
3	66932649	A	G	0.2508	-0.02296	0.01256	0.06754
3	66932842	G	C	0.19615	-0.03101	0.01374	0.024046
3	66933428	C	A	0.01205	-0.01519	0.04964	0.75961
3	66933458	G	A	0.00566	-0.10715	0.07147	0.13384
3	66933623	A	G	0.00303	0.02485	0.10133	0.80629
3	66933632	C	T	0.17816	-0.00307	0.01423	0.82942
3	66933762	A	G	0.00837	0.10266	0.05986	0.086365
3	66933870	T	C	0.15402	-0.00699	0.01508	0.64288
3	66934013	T	C	0.19084	-0.02622	0.01389	0.059012
3	66934407	A	G	0.05255	0.0068	0.02424	0.77916
3	66934734	C	T	0.02368	-0.08436	0.03583	0.018554
3	66934828	G	C	0.08868	0.00773	0.01904	0.68466
3	66934943	A	G	0.06921	-0.0064	0.02128	0.76367
3	66935219	A	G	0.06866	-0.00863	0.02139	0.68677
3	66935446	G	A	0.17882	-0.01192	0.01421	0.40158
3	66935454	C	T	0.19205	-0.02785	0.01386	0.044471
3	66935687	C	T	0.03131	0.01329	0.03118	0.66978
3	66935690	C	T	0.01336	0.01863	0.04769	0.6961
3	66935814	A	T	0.00088	-0.01845	0.19222	0.92352
3	66935871	A	C	0.00423	0.05464	0.08362	0.51347
3	66935986	T	C	0.0303	0.03108	0.03196	0.33083
3	66935987	G	A	0.92577	-0.00194	0.02134	0.92773
3	66936029	G	A	0.01355	0.01648	0.047	0.72586
3	66936036	C	A	0.0532	0.01293	0.02408	0.59117
3	66936085	G	C	0.00142	0.03249	0.14776	0.82597
3	66936221	T	C	0.05325	0.01328	0.02403	0.58051
3	66936263	T	C	0.03117	0.0151	0.03124	0.62887
3	66936297	G	A	0.0005	-0.4469	0.25264	0.076911
3	66937070	T	G	0.9253	-0.00431	0.02128	0.8396
3	66937185	C	T	0.00315	-0.17555	0.09789	0.072912
3	66937219	C	T	0.88904	-0.00473	0.01757	0.78801
3	66937226	C	T	0.03124	0.01785	0.03121	0.56722
3	66937357	G	A	0.04562	0.03903	0.0259	0.13173
3	66937529	T	G	0.92556	-0.00209	0.0213	0.92194
3	66937532	G	A	0.37307	-0.01025	0.01134	0.3659
3	66937620	G	T	0.0111	-0.00222	0.05247	0.96626
3	66937694	C	T	0.00244	0.04112	0.1106	0.71001
3	66937708	G	T	0.00352	-0.11669	0.09441	0.21647
3	66937717	C	T	0.05911	-0.00051	0.02289	0.98237
3	66937844	G	A	0.02293	-0.13651	0.03707	0.00020621
3	66937860	C	T	0.0012	0.17689	0.16178	0.27421
3	66937882	C	T	0.0372	0.00882	0.02863	0.75814
3	66937958	T	C	0.00574	-0.11415	0.07103	0.10806
3	66938480	A	G	0.32728	0.00253	0.01171	0.82913
3	66938567	G	T	0.00423	0.05332	0.08361	0.52367
3	66938704	T	A	0.1749	-0.01453	0.01435	0.31118
3	66938790	C	T	0.1447	-0.00156	0.01546	0.91972
3	66938916	A	G	0.16894	-0.01102	0.01454	0.44853
3	66939043	T	C	0.02635	0.03026	0.03378	0.37028
3	66939113	T	C	0.04719	-0.01844	0.02567	0.4724
3	66939243	A	T	0.0877	0.02463	0.01985	0.21479
3	66939284	T	C	0.08907	-0.00073	0.01921	0.96989
3	66939304	C	T	0.00615	0.02119	0.06927	0.75966
3	66939398	A	G	0.01329	0.02025	0.0478	0.67188
3	66939416	T	C	0.04428	-0.06738	0.02636	0.010588
3	66939435	T	C	0.15252	0.02013	0.01536	0.19008
3	66939534	T	C	0.17487	-0.01476	0.01435	0.30379
3	66939692	T	A	0.00758	-0.02449	0.06293	0.69716
3	66939806	G	C	0.04428	-0.06737	0.02636	0.010607
3	66939955	A	G	0.03158	-0.01111	0.03113	0.72112
3	66939997	A	G	0.04432	-0.06856	0.02661	0.0097387
3	66940201	G	C	0.00878	0.03268	0.05853	0.57661
3	66940234	T	A	0.00421	0.10839	0.08515	0.20303
3	66940242	T	C	0.04684	-0.00304	0.02544	0.90483
3	66940414	C	T	0.20903	-0.01507	0.01342	0.26146
3	66940463	A	T	0.15168	0.01789	0.0154	0.24559
3	66940713	T	C	0.00528	0.01234	0.07826	0.87468
3	66940723	C	T	0.04626	-0.00374	0.02564	0.88396
3	66940813	T	A	0.00878	0.03269	0.05853	0.57648
3	66940939	C	T	0.05913	-0.00372	0.02289	0.87102
3	66941026	G	A	0.06183	0.00185	0.02244	0.93439
3	66941400	C	G	0.01527	0.07696	0.04419	0.081555
3	66941558	C	T	0.00834	-0.00835	0.06019	0.88971
3	66941661	C	T	0.01455	-0.01188	0.04524	0.79288
3	66941692	C	G	0.72229	-0.01274	0.01222	0.29702
3	66941696	A	G	0.02435	-0.03857	0.03543	0.27635
3	66942139	T	C	0.00331	0.12678	0.09632	0.18811
3	66942215	T	C	0.0031	-0.16776	0.0984	0.08821
3	66942463	T	C	0.04708	-0.01848	0.0257	0.47199
3	66942652	T	G	0.04494	0.03943	0.02608	0.13056
3	66942668	T	C	0.1583	0.01474	0.01513	0.33001
3	66942769	C	A	0.00875	-0.12545	0.05869	0.03255
3	66942979	C	T	0.15831	0.01486	0.01513	0.32611
3	66943219	C	T	0.00084	-0.14215	0.18986	0.45403
3	66943252	A	G	0.14451	-0.0015	0.01546	0.92253
3	66943259	G	C	0.00872	0.03765	0.05874	0.52158
3	66943263	C	T	0.0335	0.02287	0.03011	0.44757
3	66943415	T	C	0.0031	-0.16772	0.09842	0.088363
3	66943430	A	G	0.15823	0.01511	0.01513	0.31819
3	66943462	A	G	0.71746	-0.00945	0.01214	0.43633
3	66943587	A	G	0.03442	0.00802	0.02996	0.78895
3	66943615	C	T	0.15234	0.01936	0.01537	0.20794
3	66943662	A	T	0.00629	0.12719	0.06851	0.063388
3	66943665	T	C	6e-05	0.13647	0.72909	0.85152
3	66943719	G	A	0.06305	0.00617	0.02224	0.78158
3	66943747	T	C	0.09884	0.00095	0.01822	0.95861
3	66943777	A	G	0.40192	-0.00221	0.01118	0.84352
3	66943789	A	G	0.04659	-0.00328	0.02555	0.89793
3	66943855	G	C	0.00024	-0.03621	0.39948	0.92778
3	66943860	T	C	0.04922	-0.00189	0.02496	0.93951
3	66944012	T	C	0.03118	0.01708	0.03124	0.58463
3	66944035	A	T	0.0366	0.00634	0.02885	0.82604
3	66944070	A	G	0.03956	-0.05565	0.02784	0.045646
3	66944082	G	A	0.00367	0.06514	0.09021	0.47024
3	66944098	T	C	0.00616	0.03783	0.06966	0.58709
3	66944174	T	G	0.00585	0.04236	0.07184	0.55549
3	66944204	A	C	0.0396	-0.05636	0.02783	0.042807
3	66944530	A	C	0.0338	0.00367	0.03041	0.90394
3	66944556	C	T	0.01771	-0.13154	0.04197	0.0015928
3	66944591	T	C	0.00567	0.0673	0.07317	0.35767
3	66944592	A	G	0.15778	-0.01718	0.0149	0.24895
3	66944637	C	G	0.05963	-0.00448	0.02279	0.84433
3	66944683	A	T	0.03662	0.00787	0.02885	0.7851
3	66944687	C	A	0.01077	0.09623	0.05246	0.066598
3	66945041	T	C	0.9587	-0.00538	0.0294	0.85468
3	66945166	T	G	0.0396	-0.05319	0.02783	0.055995
3	66945269	A	G	0.00832	-0.0086	0.06019	0.88636
3	66945302	T	C	0.00246	-0.07513	0.11333	0.50741
3	66945360	A	G	0.06305	0.00616	0.02224	0.78176
3	66945590	G	A	0.04664	-0.00336	0.02554	0.89535
3	66945635	C	G	0.03739	0.00663	0.02855	0.8165
3	66945649	C	G	0.06303	0.00644	0.02224	0.77215
3	66945657	G	A	0.02374	-0.08342	0.03586	0.020001
3	66945689	A	C	0.05958	-0.0051	0.0228	0.82298
3	66945705	A	C	0.03959	-0.05302	0.02783	0.056785
3	66945944	A	C	0.03391	-0.02204	0.03009	0.4638
3	66946020	T	G	0.02955	0.01772	0.03216	0.58164
3	66946103	T	C	0.01448	-0.00442	0.04534	0.92232
3	66946220	G	A	0.97218	-0.01517	0.03651	0.67771
3	66946415	T	C	0.01444	-0.01078	0.0454	0.81224
3	66946431	A	G	0.72481	-0.01097	0.01224	0.3703
3	66946531	T	C	0.0374	0.00604	0.02854	0.83251
3	66946537	T	C	0.04664	-0.00352	0.02553	0.89026
3	66946826	T	C	0.17649	-0.01125	0.01427	0.43049
3	66947109	G	A	0.00574	-0.11419	0.07104	0.10798
3	66947192	G	A	0.39291	0.00458	0.0112	0.68256
3	66947283	T	C	0.08139	-0.00824	0.01986	0.67828
3	66947334	C	G	0.04657	-0.00355	0.02555	0.88947
3	66947406	C	T	0.00134	-0.0982	0.15747	0.53286
3	66947447	A	T	0.04617	-0.00391	0.02567	0.87888
3	66947687	G	T	0.00951	-0.04649	0.05652	0.41079
3	66947765	G	A	0.01793	0.01365	0.04201	0.74517
3	66947793	G	T	0.72534	-0.01205	0.01225	0.32522
3	66947910	C	G	0.00116	0.14308	0.16634	0.38969
3	66947938	T	G	3e-05	-0.00781	1.27737	0.99512
3	66947974	T	C	0.00068	0.14616	0.20416	0.47404
3	66948021	A	C	0.00564	-0.08811	0.07261	0.22491
3	66948069	G	A	0.15212	0.01895	0.01538	0.21808
3	66948070	C	T	0.02468	-0.04285	0.03521	0.22366
3	66948130	T	G	0.03125	0.01939	0.03121	0.53436
3	66948195	A	G	0.02513	0.06405	0.03468	0.064743
3	66948304	T	A	0.97223	-0.01467	0.03658	0.68832
3	66948320	A	T	0.17708	-0.01066	0.01424	0.45432
3	66948323	A	G	0.04664	-0.00311	0.02555	0.90318
3	66948497	A	T	0.05275	0.00603	0.02423	0.80329
3	66948542	A	G	0.0083	-0.00233	0.0603	0.96916
3	66948611	G	A	0.72545	-0.01096	0.01225	0.37098
3	66948716	A	G	0.00926	-0.01803	0.05737	0.75338
3	66948875	T	C	0.17569	-0.01029	0.01429	0.47177
3	66948908	C	T	0.72553	-0.0106	0.01225	0.38691
3	66948928	A	G	0.72083	-0.00686	0.01218	0.57318
3	66948972	A	G	0.68116	0.00257	0.01172	0.82643
3	66949045	T	C	0.06309	0.00607	0.02223	0.78495
3	66949098	C	T	0.02733	-0.01664	0.0331	0.61521
3	66949164	C	T	0.02517	-0.01313	0.03453	0.70381
3	66949177	T	C	0.04619	-0.00506	0.02569	0.84373
3	66949357	A	C	0.17575	-0.01032	0.01429	0.47028
3	66949428	G	A	0.91427	-0.00788	0.0201	0.6952
3	66949446	C	T	0.76579	0.00087	0.01293	0.94613
3	66949505	C	T	0.63447	0.00292	0.01132	0.79608
3	66949551	C	T	0.00366	0.07046	0.09096	0.43857
3	66949606	A	G	0.02094	0.00716	0.03791	0.85014
3	66949618	G	A	0.72075	-0.00716	0.01217	0.55642
3	66949866	G	A	0.03656	0.0068	0.02889	0.81397
3	66949917	A	G	0.76568	0.00087	0.01293	0.94651
3	66949933	A	G	0.05893	-0.00371	0.02294	0.87145
3	66950109	C	G	0.00564	-0.08763	0.07259	0.22738
3	66950167	A	C	0.04664	-0.00309	0.02555	0.90375
3	66950169	A	G	0.0005	-0.08009	0.25745	0.75573
3	66950426	T	C	0.02283	0.04879	0.03672	0.18395
3	66950468	C	T	0.72546	-0.01061	0.01225	0.38633
3	66950547	A	G	0.09022	-0.01111	0.01896	0.55806
3	66950684	T	C	0.04663	-0.00411	0.02555	0.87216
3	66950693	T	C	0.42349	0.00793	0.01107	0.47418
3	66950836	A	T	0.08171	-0.00747	0.01983	0.7065
3	66950930	C	T	0.42414	0.00794	0.01108	0.4733
3	66951100	T	C	0.03953	-0.05259	0.02786	0.059031
3	66951330	G	A	0.18021	0.02216	0.01435	0.12272
3	66951885	T	G	0.08169	-0.00878	0.01984	0.65795
3	66952031	A	G	0.00295	-0.01195	0.10118	0.90602
3	66952276	C	T	0.00204	0.03409	0.12286	0.78143
3	66952292	T	C	0.00538	0.06446	0.0749	0.38942
3	66952343	C	T	0.00394	0.05695	0.08752	0.51525
3	66952504	G	A	0.04667	-0.0028	0.02554	0.9126
3	66952522	A	G	5e-05	0.46202	0.76899	0.54797
3	66952549	A	G	0.00955	-0.02767	0.05709	0.62789
3	66952550	A	G	0.46115	0.00833	0.01097	0.44802
3	66952559	G	A	0.01198	-0.03846	0.05061	0.44731
3	66952593	C	T	0.03212	-0.01288	0.03064	0.6743
3	66952638	T	C	0.03952	-0.05472	0.02787	0.049628
3	66952641	C	T	0.03739	0.00703	0.02857	0.80579
3	66952707	G	A	0.0031	-0.16717	0.0983	0.089012
3	66952851	A	T	0.00527	-0.00037	0.07746	0.99619
3	66952939	C	T	0.47052	0.00635	0.01098	0.56269
3	66953011	C	A	0.08151	-0.0071	0.01986	0.72086
3	66953045	T	C	0.00571	-0.11152	0.07138	0.11822
3	66953086	T	A	0.04968	-0.00895	0.02483	0.7185
3	66953153	C	G	0.04666	-0.00284	0.02554	0.91153
3	66953205	G	A	0.47071	0.00628	0.01098	0.56735
3	66953232	A	T	0.17347	-0.00842	0.01436	0.55788
3	66953476	C	A	0.01202	0.01658	0.0502	0.74114
3	66953655	A	G	0.0207	0.00148	0.03812	0.96909
3	66953820	C	G	0.53143	-0.00607	0.01103	0.58247
3	66954036	G	A	0.06293	0.00679	0.02226	0.76028
3	66954081	A	T	0.01341	-0.03944	0.04737	0.40511
3	66954139	A	C	0.03365	-0.01646	0.02998	0.58284
3	66954193	T	C	0.15223	0.0204	0.01537	0.18451
3	66954273	A	G	0.012	0.01652	0.05021	0.74211
3	66954392	T	C	0.00081	-0.11355	0.20969	0.58814
3	66954471	T	A	0.05892	-0.00369	0.02295	0.87223
3	66954619	C	A	0.00069	0.12406	0.21259	0.55952
3	66954648	A	C	0.04664	-0.00266	0.02555	0.91695
3	66954844	A	G	0.07424	-0.03922	0.0207	0.058109
3	66954851	C	T	0.06289	0.00652	0.02227	0.76986
3	66954935	G	A	0.00584	0.16147	0.07196	0.024843
3	66954960	T	C	0.00134	0.03917	0.15689	0.80285
3	66955123	T	C	0.00172	0.11712	0.13425	0.38297
3	66955369	C	T	0.00061	0.13609	0.23382	0.56055
3	66955408	T	C	0.08132	-0.00763	0.01989	0.70126
3	66955660	C	T	0.00545	0.10278	0.07293	0.15872
3	66955690	C	T	0.03205	-0.01255	0.03067	0.6823
3	66955884	G	C	0.01011	0.0291	0.05434	0.59225
3	66955886	G	C	0.03206	-0.01653	0.03064	0.58958
3	66955944	C	T	0.56575	0.00363	0.01099	0.741
3	66955963	C	T	0.00394	0.10692	0.08995	0.23456
3	66956048	A	C	0.08136	-0.00785	0.01988	0.69275
3	66956170	C	T	0.18145	0.02117	0.0143	0.13864
3	66956187	G	T	0.65431	0.00472	0.01148	0.68126
3	66956765	T	C	0.04664	-0.00311	0.02554	0.90304
3	66956827	G	T	0.03639	0.01124	0.02898	0.69821
3	66957081	G	A	0.06676	0.00516	0.02166	0.81156
3	66957107	G	A	0.00824	0.01328	0.05955	0.82354
3	66957468	C	G	0.97213	-0.01178	0.03652	0.74701
3	66957479	C	T	0.00689	-0.02853	0.06728	0.67154
3	66957526	A	C	0.09879	-0.00112	0.01815	0.95094
3	66957558	G	A	0.00015	-0.37415	0.45934	0.41534
3	66957647	T	C	0.09881	-0.00048	0.01815	0.97896
3	66957652	G	T	0.01462	-0.00751	0.04505	0.86768
3	66957754	T	A	0.00038	0.29453	0.28316	0.29827
3	66957796	C	G	0.1353	0.01821	0.0162	0.26082
3	66957803	T	C	0.03603	0.00869	0.0291	0.76511
3	66958059	T	C	0.06684	0.00528	0.02165	0.80737
3	66958130	A	G	0.02733	-0.0144	0.03309	0.66343
3	66958175	G	C	0.00597	0.03292	0.07106	0.64319
3	66958203	T	A	0.77524	0.00723	0.01315	0.58253
3	66958229	G	A	0.00118	0.07726	0.16306	0.63565
3	66958917	A	C	0.05886	-0.00315	0.02296	0.89079
3	66958981	G	A	0.00021	-0.06651	0.37896	0.86069
3	66959106	A	T	0.04418	0.00014	0.02629	0.99567
3	66959107	T	A	0.02898	-0.0152	0.03224	0.63727
3	66959130	C	T	0.04657	-0.00271	0.02558	0.91577
3	66959192	A	C	0.00652	0.00524	0.06723	0.93793
3	66959230	A	G	0.00432	-0.13954	0.0826	0.091144
3	66959233	C	G	0.00648	0.01293	0.06754	0.84819
3	66959294	C	G	0.47936	-0.00111	0.01089	0.91901
3	66959409	C	T	0.09876	-0.00222	0.01815	0.90283
3	66959440	A	G	0.04008	-0.05062	0.02771	0.067758
3	66959472	C	T	0.55083	0.00102	0.01094	0.92556
3	66959712	T	C	0.00315	-0.05026	0.09918	0.6123
3	66959865	A	T	0.01011	0.0291	0.05434	0.59225
3	66959977	A	G	0.06876	-0.01757	0.02146	0.41307
3	66960142	A	T	0.38465	0.00082	0.01125	0.94159
3	66960347	G	A	0.71718	-0.00636	0.01212	0.5996
3	66960387	T	C	0.00103	-0.16432	0.17435	0.34596
3	66960389	C	T	0.03437	-0.00029	0.03	0.9923
3	66960404	G	C	0.62163	-0.00501	0.01122	0.65518
3	66960433	T	A	0.03453	0.01661	0.02972	0.5762
3	66960642	G	T	0.04084	-0.01452	0.0274	0.59616
3	66960741	A	C	0.02344	-0.0042	0.03637	0.90817
3	66960871	A	T	0.05887	0.01163	0.02316	0.61548
3	66960876	C	T	0.01276	-0.02485	0.04803	0.60494
3	66961200	T	C	0.56542	-0.00707	0.011	0.52031
3	66961209	G	A	0.03438	0.00022	0.02999	0.99412
3	66961342	T	G	0.04656	-0.00394	0.02559	0.87775
3	66961348	C	T	0.00682	0.09275	0.06709	0.16685
3	66961432	G	T	0.04658	-0.00268	0.02558	0.91662
3	66961493	C	T	0.38737	0.00159	0.01124	0.88776
3	66961618	C	T	0.00883	-0.06964	0.05804	0.23024
3	66961622	G	A	0.02034	-0.05346	0.03887	0.169
3	66961769	T	A	0.01276	-0.02485	0.04803	0.60494
3	66961851	A	G	0.01016	0.01709	0.05423	0.75264
3	66962093	C	T	0.0589	0.01159	0.02315	0.61654
3	66962168	T	C	0.04658	-0.00268	0.02558	0.91653
3	66962197	G	A	0.04658	-0.00265	0.02558	0.91752
3	66962225	G	A	0.62417	-0.00461	0.01123	0.68157
3	66962275	T	C	0.17577	-0.01259	0.01429	0.37854
3	66962321	T	C	0.00556	0.11939	0.07398	0.10654
3	66962326	A	C	0.06915	-0.0192	0.0214	0.36947
3	66962394	T	C	0.45125	-0.00116	0.01096	0.91579
3	66962436	G	C	0.15815	-0.0077	0.01491	0.60547
3	66962491	G	A	0.01222	-0.01924	0.04915	0.69544
3	66962666	C	T	0.34013	0.00494	0.01158	0.66968
3	66962802	A	C	0.05873	0.0121	0.02318	0.60182
3	66962838	A	T	0.00304	-0.1678	0.09936	0.091275
3	66963271	G	C	0.00665	-0.05887	0.0666	0.37677
3	66963409	A	G	0.0236	-0.07689	0.0359	0.032194
3	66963448	A	C	0.00045	-0.10658	0.26272	0.68498
3	66963482	T	C	0.03491	0.01664	0.02955	0.5734
3	66963494	A	G	0.03474	0.01678	0.02961	0.57093
3	66963527	A	G	0.07177	-0.01396	0.02106	0.50745
3	66963567	A	G	0.03442	-0.05411	0.02981	0.069538
3	66963571	A	G	0.00303	-0.01812	0.1002	0.85653
3	66963625	T	C	0.0171	0.0387	0.04192	0.35591
3	66963849	A	T	0.06915	-0.01921	0.0214	0.36941
3	66963932	G	A	0.72009	-0.00574	0.01216	0.637
3	66964109	C	T	0.02746	-0.02052	0.03301	0.53415
3	66964134	C	T	0.72004	-0.00632	0.01216	0.60348
3	66964219	G	A	0.72004	-0.00609	0.01216	0.61663
3	66964253	T	C	0.00568	-0.02471	0.07254	0.73334
3	66964254	A	G	0.00058	0.42054	0.22719	0.064156
3	66964289	T	C	0.14232	-0.00225	0.01549	0.88425
3	66964376	G	C	0.00279	-0.04589	0.10396	0.65892
3	66964434	T	C	0.02742	-0.01972	0.03307	0.55093
3	66964534	G	A	0.72009	-0.00626	0.01216	0.60654
3	66964651	C	T	0.04667	-0.00247	0.02554	0.92287
3	66964754	T	C	0.04667	-0.00284	0.02554	0.91137
3	66964812	A	C	0.07831	-0.00754	0.02028	0.71014
3	66964902	A	G	0.16329	0.02261	0.01493	0.12998
3	66964908	A	G	0.06275	-0.01269	0.02229	0.56911
3	66965071	T	G	0.04741	-0.01589	0.02565	0.53563
3	66965102	T	C	7e-05	0.37466	0.90136	0.67766
3	66965104	G	C	0.05899	0.01251	0.02314	0.5887
3	66965130	A	T	0.01458	-0.01383	0.0451	0.75912
3	66965327	A	G	0.11028	-0.0153	0.01734	0.37739
3	66965439	A	G	0.04724	-0.01859	0.02569	0.46926
3	66965498	C	T	0.06668	0.00649	0.02166	0.76432
3	66965624	G	C	0.97211	-0.01209	0.03651	0.74049
3	66965627	C	T	0.00108	-0.04091	0.17411	0.81423
3	66965718	C	A	0.04705	-0.01718	0.02573	0.50447
3	66965960	G	A	0.10962	-0.01526	0.01737	0.37973
3	66966079	A	G	0.5156	-0.00051	0.01089	0.96274
3	66966117	T	C	0.01337	-0.03893	0.0474	0.41148
3	66966152	T	C	0.04729	0.02875	0.02543	0.25825
3	66966228	T	A	0.04928	0.02519	0.0252	0.31734
3	66966291	A	G	0.04735	-0.01573	0.02567	0.5402
3	66966345	T	C	0.0039	-0.17345	0.08689	0.045923
3	66966490	A	G	0.03476	0.01865	0.02961	0.52881
3	66966600	G	C	0.02571	0.0463	0.03434	0.17754
3	66966603	A	G	0.01219	-0.0183	0.04918	0.70988
3	66966811	T	C	0.058	0.01112	0.02333	0.6337
3	66966911	A	G	0.71778	-0.00681	0.01214	0.57478
3	66966937	C	T	0.71851	-0.00645	0.01214	0.59516
3	66967101	T	G	0.05497	0.02163	0.02393	0.36619
3	66967145	A	G	0.04704	-0.01654	0.02573	0.52048
3	66967314	T	C	0.00355	-0.04034	0.09396	0.66771
3	66967398	T	A	0.06671	0.00544	0.02166	0.80152
3	66967402	C	A	0.20277	-0.00717	0.01352	0.59563
3	66967420	A	G	0.00664	-0.01255	0.06833	0.85427
3	66967455	C	A	0.04668	-0.00354	0.02554	0.88982
3	66967499	A	G	0.02698	-0.01757	0.03332	0.59807
3	66967560	T	G	0.40132	0.00732	0.01115	0.51169
3	66967641	C	A	0.01829	-0.11949	0.04126	0.0035503
3	66967750	G	A	0.01237	-0.01755	0.04881	0.71919
3	66967850	A	C	0.00446	0.06788	0.08296	0.41326
3	66967963	T	G	0.00059	0.12062	0.22764	0.5962
3	66968008	A	C	0.16254	-0.01499	0.01473	0.30868
3	66968035	T	C	0.06216	-0.01125	0.02238	0.61502
3	66968051	C	A	0.03473	0.0165	0.02961	0.57742
3	66968063	A	G	0.03433	-0.05278	0.02983	0.076837
3	66968085	T	C	0.05821	0.01292	0.02329	0.57902
3	66968709	A	T	0.02743	0.00793	0.03344	0.8126
3	66968736	T	G	0.04315	-0.01841	0.02679	0.49189
3	66968973	G	T	0.03489	0.01602	0.02946	0.58654
3	66969002	A	C	0.01173	-0.01617	0.05024	0.7475
3	66969653	C	T	0.14476	-0.00757	0.01541	0.62354
3	66969816	T	C	0.0349	0.0159	0.02945	0.58926
3	66969907	T	C	0.03155	-0.02745	0.03125	0.3797
3	66969921	G	A	0.03489	0.0159	0.02946	0.58934
3	66970019	G	A	0.01595	0.02448	0.04335	0.57227
3	66970110	T	C	0.06653	0.00571	0.02165	0.79206
3	66970113	T	A	0.15173	-0.02729	0.01513	0.0713
3	66970160	C	T	0.86265	0.00703	0.01606	0.66173
3	66970201	G	A	0.16373	-0.01513	0.01468	0.30259
3	66970202	G	C	0.97622	-0.02484	0.03961	0.53047
3	66970318	T	A	0.01337	-0.03417	0.04725	0.4695
3	66970324	T	C	0.10461	-0.02906	0.01771	0.10084
3	66970506	G	T	0.10461	-0.02961	0.01771	0.094487
3	66970568	C	A	0.1047	-0.02919	0.0177	0.099159
3	66970665	A	G	0.14457	-0.00671	0.01542	0.66342
3	66970730	T	C	0.03432	-0.05346	0.0298	0.072874
3	66970734	G	A	0.7195	-0.00652	0.01213	0.59076
3	66970752	A	C	0.07635	-0.03171	0.02038	0.11971
3	66970755	C	T	0.04204	-0.01163	0.02689	0.66541
3	66970848	A	G	0.0667	0.00533	0.02161	0.80528
3	66971221	T	C	0.05186	-0.03877	0.02469	0.11628
3	66971253	A	G	0.02826	-0.01699	0.03267	0.60315
3	66971286	A	T	0.31293	0.01147	0.01174	0.32851
3	66971474	G	T	0.23527	-0.00618	0.01278	0.62874
3	66971547	T	C	0.06186	-0.01098	0.02242	0.62435
3	66971733	C	A	0.10455	-0.0289	0.01771	0.10277
3	66971740	C	A	0.10451	-0.02926	0.01771	0.09858
3	66971762	A	G	0.00598	0.03468	0.07075	0.62405
3	66971816	G	A	0.05499	0.02368	0.02392	0.3222
3	66971922	A	G	0.00057	0.03106	0.24426	0.89883
3	66971985	A	T	0.6083	0.00851	0.01116	0.44561
3	66972068	A	G	0.22827	0.02187	0.01303	0.093149
3	66972382	A	T	0.01158	0.01144	0.05183	0.82531
3	66972660	T	C	0.0057	-0.10491	0.07114	0.14027
3	66972844	G	A	0.36842	0.01275	0.01128	0.25864
3	66972863	A	G	0.04736	0.03064	0.02537	0.22719
3	66972872	A	G	0.14458	-0.00606	0.01542	0.69454
3	66972896	C	A	0.76025	0.00327	0.0128	0.79825
3	66973135	A	G	0.04624	-0.00887	0.02565	0.7295
3	66973150	C	T	0.03432	-0.05314	0.02981	0.074629
3	66973175	G	C	0.16837	-0.01276	0.01451	0.37904
3	66973253	C	G	0.04094	-0.01383	0.02736	0.61319
3	66973564	T	C	0.06673	0.00542	0.02161	0.80212
3	66973767	C	T	0.0016	0.01049	0.14621	0.94283
3	66973933	T	C	0.00116	0.154	0.16617	0.35404
3	66974127	C	T	0.23533	-0.0064	0.01278	0.61648
3	66974253	T	C	0.00598	0.03728	0.0708	0.59848
3	66974291	C	A	0.00373	-0.14185	0.08916	0.11162
3	66974297	C	T	0.00523	-0.0318	0.07703	0.67969
3	66974327	C	G	0.04806	-0.01406	0.02551	0.58155
3	66974533	A	G	0.3795	-0.01321	0.01117	0.23682
3	66974588	G	A	0.37962	-0.01328	0.01117	0.23426
3	66974791	T	G	0.00199	0.10791	0.12494	0.38778
3	66974937	A	G	0.00209	-0.09479	0.12002	0.42966
3	66974984	C	G	0.01022	0.01562	0.05397	0.77226
3	66975019	C	G	0.3787	-0.01327	0.01117	0.23504
3	66975075	A	G	0.76118	0.00195	0.01282	0.87921
3	66975291	G	A	0.06676	0.00617	0.02161	0.77538
3	66975324	G	C	0.71953	-0.00614	0.01213	0.61253
3	66975340	G	C	0.26997	-0.00472	0.01226	0.7003
3	66975386	A	G	0.00027	-0.21133	0.33631	0.52975
3	66975402	T	A	0.10971	-0.01426	0.01735	0.41122
3	66975455	A	G	0.7129	-0.00422	0.01205	0.7259
3	66975520	C	G	0.04085	-0.01472	0.02739	0.59097
3	66975585	A	C	0.37961	-0.01329	0.01117	0.23403
3	66975646	C	A	0.0474	0.03022	0.02534	0.23311
3	66975742	G	A	0.37962	-0.01336	0.01117	0.23151
3	66975770	A	T	0.02825	-0.01771	0.03267	0.58774
3	66976005	C	G	0.04678	-0.00705	0.0255	0.78213
3	66976060	T	C	0.00366	0.07459	0.09275	0.42131
3	66976096	G	A	0.37958	-0.0132	0.01117	0.23722
3	66976324	T	C	0.14406	-0.01662	0.01541	0.28099
3	66976805	C	T	0.23709	-0.00574	0.01275	0.65251
3	66976893	G	C	0.16059	-0.00475	0.01477	0.7478
3	66976999	T	A	0.06921	-0.01898	0.02132	0.37326
3	66977001	G	T	0.01617	0.01534	0.04294	0.72098
3	66977004	A	G	0.01614	0.01534	0.04301	0.72131
3	66977047	T	C	0.00394	0.09924	0.08982	0.26919
3	66977127	C	T	0.07785	-0.01028	0.02038	0.61397
3	66977216	T	C	0.14416	-0.01608	0.01541	0.29689
3	66977320	T	C	0.37939	-0.0133	0.01117	0.23394
3	66977384	C	A	0.03376	0.02461	0.02992	0.41074
3	66977440	A	C	0.14398	-0.01712	0.01542	0.26685
3	66977710	C	T	0.00944	-0.01265	0.05609	0.8215
3	66977953	G	A	0.00373	0.06028	0.08922	0.49929
3	66978032	C	T	0.72161	-0.00478	0.01216	0.69427
3	66978088	G	C	0.33009	-0.01928	0.01152	0.09438
3	66978228	A	G	0.04674	-0.00753	0.02551	0.76788
3	66978483	T	G	0.04677	-0.00789	0.0255	0.75703
3	66978490	A	G	0.00762	0.06566	0.06355	0.30155
3	66978569	C	G	0.06702	0.00681	0.02157	0.75208
3	66978595	T	G	0.24133	-0.00447	0.01268	0.7244
3	66978664	C	G	0.05798	0.01339	0.02332	0.566
3	66978717	T	C	0.00166	-0.02379	0.14358	0.86841
3	66979138	A	G	0.71953	-0.00506	0.01213	0.67635
3	66979225	G	C	0.01025	0.10296	0.05375	0.055431
3	66979358	C	T	0.00444	-0.01563	0.08293	0.85051
3	66979488	C	T	0.06698	0.00729	0.02158	0.73534
3	66979642	C	G	0.0467	-0.00696	0.02553	0.78521
3	66979735	T	G	0.0285	-0.01086	0.03252	0.73839
3	66979847	G	A	0.0254	-0.00901	0.03427	0.79255
3	66979941	A	T	0.71958	-0.00363	0.01213	0.76467
3	66980177	C	T	0.00025	0.1781	0.35494	0.61582
3	66980276	T	C	0.14695	0.02555	0.01558	0.10098
3	66980312	G	T	0.01573	-0.00144	0.0435	0.97366
3	66980362	C	A	0.06193	-0.01475	0.0224	0.51021
3	66980399	C	T	0.00167	0.04522	0.13515	0.73795
3	66980506	C	T	0.04934	0.02911	0.02516	0.24726
3	66980517	C	G	0.0102	0.01863	0.05403	0.7303
3	66980701	C	T	0.06686	0.00684	0.0216	0.75149
3	66980712	T	C	0.14422	-0.01446	0.01541	0.34785
3	66980903	G	A	0.00598	0.03491	0.07074	0.62164
3	66980997	A	G	0.00198	0.00629	0.1242	0.95958
3	66981082	G	A	0.14722	0.02129	0.01557	0.17157
3	66981479	T	G	0.05582	-0.00606	0.02357	0.79692
3	66982355	C	A	0.00224	-0.05258	0.12608	0.67663
3	66982474	A	G	0.01018	0.02009	0.05411	0.71043
3	66982497	T	C	0.11572	-0.0151	0.0169	0.37147
3	66982604	A	G	0.11661	-0.01498	0.01684	0.37369
3	66982754	T	C	0.2625	-0.00325	0.0123	0.79186
3	66982852	G	C	0.17406	-0.02399	0.01431	0.093635
3	66982937	T	A	0.0062	0.03338	0.0687	0.62705
3	66982950	C	T	0.00279	-0.04346	0.10399	0.67601
3	66983070	T	C	0.01007	0.1061	0.0542	0.050292
3	66983162	G	A	0.7208	0.00632	0.01219	0.60405
3	66983175	G	C	0.00478	0.10553	0.07938	0.1837
3	66983882	C	G	0.01571	-0.0014	0.04353	0.97442
3	66983884	T	C	0.04664	-0.00149	0.02559	0.95342
3	66984033	G	T	0.44472	0.00337	0.01095	0.75816
3	66984038	G	A	0.03427	-0.05522	0.02982	0.064062
3	66984087	A	T	0.76649	-0.00029	0.01292	0.98233
3	66984137	G	A	0.26332	-0.00274	0.01226	0.82325
3	66984140	A	G	0.02536	-0.0365	0.0347	0.2929
3	66984181	A	G	0.04735	0.02869	0.02536	0.25785
3	66984267	C	T	0.04736	0.02945	0.02536	0.24544
3	66984466	C	T	0.144	0.02249	0.01571	0.15222
3	66984573	G	A	0.39585	0.00807	0.01116	0.46958
3	66984579	A	G	0.02863	0.01242	0.03248	0.7022
3	66984813	T	C	0.01353	0.02184	0.04695	0.64185
3	66985085	G	C	0.0044	0.05935	0.08356	0.47755
3	66985220	A	T	0.00097	-0.23154	0.19037	0.22389
3	66985928	G	T	0.26252	-0.00201	0.0123	0.87022
3	66985939	A	G	0.26259	-0.00164	0.0123	0.89387
3	66985997	G	T	0.06905	-0.01727	0.02133	0.41834
3	66986209	G	A	0.06185	-0.01645	0.02241	0.46303
3	66986527	T	C	0.00312	-0.05918	0.09976	0.55299
3	66986777	T	C	0.18141	-0.01043	0.01407	0.45837
3	66986873	T	C	0.04668	-0.00071	0.02554	0.97791
3	66986921	C	T	0.16422	-0.00579	0.01462	0.69194
3	66987069	A	C	0.02358	-0.0756	0.03583	0.034855
3	66987145	T	G	0.71493	0.01143	0.0121	0.34487
3	66987263	A	C	0.00999	0.00102	0.05587	0.98538
3	66987323	T	G	0.0145	-0.01269	0.04537	0.77973
3	66987369	A	C	0.01193	-0.04613	0.04973	0.35356
3	66987402	G	A	0.01436	-0.00758	0.04557	0.86792
3	66987460	T	G	0.00303	-0.17528	0.09946	0.078026
3	66987474	T	G	0.25823	-8e-05	0.01238	0.99464
3	66987569	A	G	0.04635	0.0299	0.02564	0.24358
3	66987579	G	A	0.21153	0.00082	0.01327	0.95053
3	66987905	T	A	0.00312	-0.16833	0.09817	0.086413
3	66987912	A	G	0.04087	-0.01699	0.02738	0.53488
3	66987937	A	G	0.04679	-0.0038	0.0255	0.88165
3	66987940	T	C	0.04625	0.02854	0.02567	0.26632
3	66988786	T	C	0.25825	-0.00016	0.01238	0.98953
3	66988934	A	G	0.00136	0.19184	0.1528	0.2093
3	66989062	A	T	0.06686	0.0061	0.0216	0.77757
3	66989264	C	G	0.02979	-0.00857	0.03204	0.789
3	66989311	A	C	0.01448	-0.01555	0.0454	0.73203
3	66989320	C	G	0.06899	-0.01786	0.02134	0.40261
3	66989327	G	A	0.0622	-0.01372	0.02235	0.53931
3	66989368	G	T	0.26219	-0.00294	0.01231	0.81144
3	66989457	G	C	0.04628	-0.00554	0.02566	0.82908
3	66989488	C	T	0.05213	-0.03659	0.0246	0.13695
3	66989512	T	C	0.16517	-0.00593	0.01455	0.6833
3	66989782	G	A	0.04677	-0.00395	0.02551	0.87704
3	66990035	T	C	0.06671	0.00693	0.02163	0.74872
3	66990091	C	T	0.31722	0.00246	0.01169	0.83345
3	66990123	C	A	0.3173	0.00292	0.0117	0.80313
3	66990238	T	C	0.00021	-0.53066	0.40893	0.19441
3	66990358	T	A	0.00354	-0.1376	0.09453	0.14551
3	66990499	T	C	0.40157	0.0002	0.01111	0.98545
3	66990729	C	G	0.38122	0.00963	0.01126	0.39254
3	66990801	C	T	0.0036	-0.09364	0.0936	0.31713
3	66991035	C	T	0.03435	0.00807	0.02997	0.78773
3	66991066	C	T	0.06805	0.00606	0.02143	0.77733
3	66991115	C	A	0.01758	-0.04189	0.04131	0.31061
3	66991127	C	T	0.03096	-0.03373	0.03143	0.28321
3	66991205	A	T	0.01797	0.02214	0.04086	0.58787
3	66991292	A	G	0.01348	-0.02277	0.04693	0.62759
3	66991310	A	G	0.02873	0.01131	0.03241	0.72711
3	66991328	G	A	0.06226	-0.01276	0.02234	0.56801
3	66991350	G	A	0.01332	-0.02259	0.04721	0.63231
3	66991451	C	A	0.33513	0.01014	0.01158	0.38148
3	66991695	T	A	0.17101	0.01046	0.01443	0.46837
3	66991758	A	T	0.15298	0.03059	0.01527	0.045163
3	66991893	G	A	0.0004	-0.16721	0.2843	0.55644
3	66991909	C	T	0.00518	0.11624	0.07682	0.13022
3	66992227	C	T	0.01018	0.01442	0.05402	0.78952
3	66992264	A	G	0.11825	-0.00474	0.01674	0.77706
3	66992305	C	A	0.04084	-0.0166	0.02739	0.54461
3	66992448	A	T	0.17425	0.0065	0.01431	0.64953
3	66992626	T	G	0.03482	0.01419	0.02947	0.63003
3	66992650	C	G	0.17372	0.00523	0.01432	0.71502
3	66992720	T	C	0.01331	-0.01917	0.0472	0.68471
3	66992955	A	G	0.01168	-0.03657	0.0503	0.46713
3	66992959	G	A	0.02832	-0.01678	0.03264	0.6072
3	66993023	A	G	0.00838	0.09527	0.05961	0.10998
3	66993052	A	G	0.01568	0.02508	0.04373	0.56628
3	66993057	G	T	0.01222	0.01801	0.04973	0.71726
3	66993073	A	T	0.65205	0.01306	0.01145	0.25395
3	66993156	T	A	0.04683	-0.00417	0.0255	0.86998
3	66993255	T	G	0.00786	-0.00644	0.06161	0.91678
3	66993325	C	T	0.87465	0.00681	0.01669	0.68319
3	66993444	A	C	0.04372	0.00535	0.0272	0.84399
3	66993630	C	T	0.16577	-0.00283	0.01457	0.84594
3	66993674	T	C	0.01832	0.12715	0.04058	0.0018351
3	66993692	G	T	0.00571	-0.10099	0.07109	0.15541
3	66993821	T	G	0.07978	-0.00557	0.01999	0.78041
3	66994117	G	T	0.16123	0.02391	0.01495	0.10963
3	66994178	C	T	0.04685	-0.00423	0.0255	0.86837
3	66994209	A	G	0.0348	0.01852	0.02948	0.52986
3	66994475	G	A	0.00248	0.07597	0.10963	0.48834
3	66994648	G	A	0.04682	-0.00419	0.02553	0.86963
3	66994674	C	T	0.02912	-0.05168	0.03228	0.10931
3	66994687	A	C	0.00281	-0.04117	0.10377	0.69153
3	66994707	A	G	0.00423	-0.14074	0.0837	0.092666
3	66994711	T	C	0.00053	0.53974	0.24838	0.029775
3	66994717	C	T	0.00777	-0.01407	0.06225	0.82122
3	66994955	C	T	0.11324	0.00896	0.01707	0.59991
3	66994956	A	G	0.03479	0.01849	0.02948	0.5304
3	66995015	C	T	0.04684	-0.00483	0.02553	0.85006
3	66995065	A	T	0.0116	-0.04249	0.05057	0.40076
3	66995071	G	A	0.04715	-0.00427	0.02547	0.8669
3	66995123	G	C	0.04682	-0.00421	0.02553	0.86917
3	66995126	A	G	0.15808	0.02535	0.01508	0.092764
3	66995245	T	C	0.04682	-0.0039	0.02554	0.87847
3	66995346	C	T	0.00431	0.00254	0.08589	0.97637
3	66995353	A	G	0.0002	-0.10956	0.46168	0.81242
3	66995379	G	A	0.05657	0.01674	0.02363	0.47867
3	66995412	A	T	0.04683	-0.00423	0.02554	0.86851
3	66995643	T	C	0.86044	0.00674	0.01595	0.67264
3	66995822	C	A	0.06718	-0.01044	0.02158	0.62865
3	66995885	G	A	0.24952	-0.00582	0.01251	0.64183
3	66995936	G	C	0.06768	-0.01267	0.02151	0.55583
3	66995981	G	C	0.24846	-0.00581	0.01252	0.64275
3	66996179	G	A	0.52366	0.00486	0.01093	0.65661
3	66996237	C	T	0.03237	-0.0386	0.03058	0.20688
3	66996274	T	G	0.05629	0.01802	0.02368	0.44657
3	66996859	C	T	4e-05	-0.12427	0.99948	0.90105
3	66996884	G	C	0.04604	0.02937	0.02576	0.25431
3	66997091	C	T	0.15428	0.0238	0.01525	0.11844
3	66997431	C	T	0.00647	0.06192	0.06824	0.36422
3	66997503	A	G	0.0301	-0.02884	0.03179	0.36425
3	66997752	G	C	0.03027	-0.03327	0.0317	0.29388
3	66997858	T	C	0.00038	0.30681	0.28473	0.28124
3	66998018	C	T	0.06782	-0.01052	0.02145	0.62381
3	66998144	C	T	0.06759	-0.00978	0.02152	0.64935
3	66998210	G	A	0.79153	0.00806	0.01347	0.54964
3	66998315	A	G	0.0052	-0.04104	0.0756	0.58728
3	66998357	C	T	0.03214	-0.03573	0.03069	0.24438
3	66998646	G	C	0.72176	0.00771	0.01221	0.52763
3	66998676	T	C	0.0342	0.01162	0.02969	0.69549
3	66998698	C	T	0.72231	0.00842	0.01221	0.49068
3	66998756	T	G	0.03206	-0.0364	0.03074	0.23628
3	66999287	T	C	0.06627	-0.01235	0.02171	0.56932
3	66999308	A	T	0.06216	-0.01286	0.02235	0.56495
3	66999529	G	T	0.00068	0.34639	0.21693	0.11031
3	66999861	C	T	0.65351	0.0099	0.01145	0.38721
3	66999862	A	T	0.06613	-0.01119	0.02173	0.60654
