CHR	POS	EA	NEA	EAF	BETA	SE	P
3	66850072	T	C	0.00019	0.01318	0.41472	0.97
3	66850142	C	T	6e-05	0.73563	0.72579	0.31
3	66850195	G	C	0.47833	0.00305	0.01034	0.77
3	66850472	G	T	5e-05	-0.21438	0.91043	0.81
3	66850596	G	A	0.00302	-0.19538	0.12593	0.12
3	66850677	A	T	0.02321	-0.03312	0.04554	0.47
3	66850707	C	T	0.19077	-0.02655	0.01314	0.043
3	66850779	C	T	0.05208	0.02701	0.02322	0.24
3	66850852	A	G	0.02521	0.02294	0.03385	0.5
3	66851078	C	T	7e-05	-0.34864	0.6601	0.6
3	66851262	A	T	0.42573	-0.0024	0.01044	0.82
3	66851326	A	G	0.47778	0.00294	0.01034	0.78
3	66851674	G	C	0.07718	-0.00213	0.01935	0.91
3	66851702	T	C	0.07569	-0.00285	0.01955	0.88
3	66852048	A	C	0.42535	-0.00167	0.01044	0.87
3	66852216	T	C	0.00299	-0.03458	0.102	0.73
3	66852327	A	C	0.42467	-0.00161	0.01044	0.88
3	66852336	C	T	0.48211	0.00447	0.01033	0.66
3	66852373	A	C	0.03124	0.025	0.02968	0.4
3	66852402	C	T	9e-05	0.0072	0.56684	0.99
3	66852683	A	G	0.42428	-0.00292	0.01045	0.78
3	66852695	C	G	0.48378	0.00379	0.01033	0.71
3	66852806	T	G	2e-05	0.75809	1.44948	0.6
3	66852901	C	T	0.24787	-0.01438	0.01196	0.23
3	66852927	T	C	0.48174	0.0034	0.01032	0.74
3	66852993	T	C	0.48226	0.00346	0.01032	0.74
3	66853084	C	T	0.48526	0.00568	0.01033	0.58
3	66853113	G	A	1e-05	0.51702	3.67061	0.89
3	66853153	C	T	7e-05	0.34174	1.0314	0.74
3	66853296	C	T	7e-05	-0.41414	0.80455	0.61
3	66853311	A	G	0.48273	0.00434	0.01031	0.67
3	66853608	T	C	0.38624	-0.00582	0.01059	0.58
3	66853625	G	C	9e-05	-0.28759	0.58554	0.62
3	66853890	G	A	0.18737	-0.02757	0.01322	0.037
3	66853898	T	C	0.00361	0.00264	0.0865	0.98
3	66853951	A	G	0.00013	-0.0299	0.471	0.95
3	66854011	T	C	0.00024	-0.35297	0.3386	0.3
3	66854042	C	T	0.00014	0.01905	0.47062	0.97
3	66854169	A	G	0.00109	0.04005	0.16212	0.8
3	66854263	C	T	0.4761	0.0046	0.0103	0.66
3	66854332	A	G	0.47613	0.00448	0.0103	0.66
3	66854400	A	G	0.47737	0.00423	0.0103	0.68
3	66854475	T	C	0.47622	0.00433	0.0103	0.67
3	66854561	A	G	0.47629	0.00355	0.0103	0.73
3	66854618	T	C	2e-05	-1.29654	1.33999	0.33
3	66854782	C	A	0.00025	-0.3594	0.33434	0.28
3	66854925	T	C	2e-05	0.71367	1.36665	0.6
3	66854926	A	G	5e-05	-1.29668	1.03472	0.21
3	66854930	C	G	0.00358	-0.00756	0.08641	0.93
3	66854987	G	T	0.47623	0.00425	0.0103	0.68
3	66855237	G	A	0.19868	0.01676	0.01293	0.19
3	66855341	A	G	0.00022	0.05422	0.36245	0.88
3	66855435	A	C	0.0001	-0.38077	0.54509	0.48
3	66855697	A	G	0.00024	-0.3823	0.33658	0.26
3	66855708	T	C	0.47624	0.00419	0.0103	0.68
3	66855752	C	G	0.00361	-0.01054	0.08597	0.9
3	66855756	A	G	0.00805	-0.05822	0.05905	0.32
3	66855773	C	G	0.01043	-0.01154	0.0532	0.83
3	66855849	C	T	0.00026	-0.33576	0.35653	0.35
3	66855921	G	T	0.47625	0.00424	0.0103	0.68
3	66855943	A	T	6e-05	0.07789	0.67712	0.91
3	66856010	T	C	0.03676	0.02829	0.0274	0.3
3	66856153	A	G	6e-05	0.07789	0.67712	0.91
3	66856245	T	C	0.00024	-0.3823	0.33658	0.26
3	66856267	G	A	0.47635	0.00416	0.0103	0.69
3	66856399	T	C	0.47625	0.00424	0.0103	0.68
3	66856411	A	G	0.18648	-0.02611	0.01324	0.049
3	66856449	T	C	6e-05	0.07586	0.67711	0.91
3	66856492	T	C	0.47624	0.0042	0.0103	0.68
3	66856589	A	G	0.47635	0.00392	0.0103	0.7
3	66856595	G	A	4e-05	0.48967	0.88001	0.58
3	66856683	G	A	2e-05	-1.34173	1.4085	0.34
3	66856905	G	C	0.47611	0.00409	0.01031	0.69
3	66856977	T	C	1e-05	-2.40693	3.91509	0.54
3	66857194	G	A	0.47606	0.0036	0.01031	0.73
3	66857252	T	G	0.47601	0.00375	0.01031	0.72
3	66857342	C	G	0.00013	-0.03308	0.47177	0.94
3	66857441	G	A	0.00013	-0.03319	0.47163	0.94
3	66857458	C	A	0.17719	0.03071	0.01352	0.023
3	66857547	C	T	1e-05	-0.96819	1.82977	0.6
3	66857616	A	C	1e-05	-1.40513	1.79458	0.43
3	66857626	A	T	0.21573	-0.01862	0.01256	0.14
3	66857639	G	C	0.00355	-0.02851	0.08671	0.74
3	66857663	C	G	0.17506	-0.01938	0.01367	0.16
3	66857703	G	T	0.4764	0.00367	0.01032	0.72
3	66857832	C	G	0.00328	-0.08266	0.09904	0.4
3	66857977	C	T	0.00809	-0.05495	0.05904	0.35
3	66858050	G	A	0.29962	-0.01742	0.01126	0.12
3	66858124	C	G	0.3003	-0.01727	0.01126	0.12
3	66858203	A	G	0.00013	0.02299	0.50579	0.96
3	66858233	C	G	2e-05	-0.83022	1.51702	0.58
3	66858259	G	A	0.30044	-0.0173	0.01125	0.12
3	66858306	T	C	0.00499	-0.03591	0.07769	0.64
3	66858561	A	G	0.30038	-0.01728	0.01125	0.12
3	66858576	T	C	0.3004	-0.01738	0.01125	0.12
3	66858646	G	T	0.00013	0.10947	0.63409	0.86
3	66858777	A	G	1e-05	2.12681	1.87407	0.26
3	66858896	A	G	3e-05	1.62596	1.34962	0.23
3	66858908	C	G	0.17769	0.03004	0.01351	0.026
3	66858921	T	C	0.30043	-0.01729	0.01125	0.12
3	66859035	A	C	0.29958	-0.01803	0.01127	0.11
3	66859046	T	C	0.30042	-0.01729	0.01125	0.12
3	66859170	T	G	0.30046	-0.01738	0.01125	0.12
3	66859283	A	T	9e-05	-0.21656	0.62398	0.73
3	66859345	T	C	0.3005	-0.01746	0.01125	0.12
3	66859417	T	C	0.00011	-0.04985	0.50414	0.92
3	66859644	C	T	4e-05	0.45951	0.88865	0.61
3	66859772	G	T	4e-05	0.46893	0.88883	0.6
3	66860014	C	T	0.30059	-0.01754	0.01125	0.12
3	66860026	T	C	0.30059	-0.01753	0.01125	0.12
3	66860096	C	A	2e-05	-1.70746	1.66068	0.3
3	66860131	A	G	0.14401	-0.00597	0.01471	0.68
3	66860178	A	G	0.30063	-0.01753	0.01125	0.12
3	66860179	C	T	0.00426	-0.03323	0.07872	0.67
3	66860332	G	A	0.47851	0.00299	0.01032	0.77
3	66860401	A	G	0.30066	-0.01727	0.01125	0.12
3	66860590	T	A	2e-05	-1.34221	1.43021	0.35
3	66860600	A	T	0.30068	-0.0174	0.01125	0.12
3	66860943	G	C	0.03175	0.02679	0.02948	0.36
3	66861330	T	C	0.00013	-0.02787	0.47238	0.95
3	66861342	A	G	0.03198	0.03025	0.02937	0.3
3	66861656	T	C	0.18636	-0.02657	0.01327	0.045
3	66861750	A	G	4e-05	0.46893	0.88883	0.6
3	66861835	C	G	0.05241	0.05082	0.02309	0.028
3	66861887	G	A	0.30004	-0.01611	0.01126	0.15
3	66862072	G	T	2e-05	-1.3972	1.4958	0.35
3	66862089	A	G	0.00033	0.16207	0.3023	0.59
3	66862109	G	A	4e-05	0.46323	0.88885	0.6
3	66862237	C	T	0.00427	-0.03325	0.07923	0.67
3	66862258	C	G	6e-05	-0.89103	0.81101	0.27
3	66862447	C	T	6e-05	0.02823	0.88151	0.97
3	66862479	C	A	1e-05	0.18124	3.3473	0.96
3	66862541	C	T	0.49838	0.00894	0.01033	0.39
3	66862549	G	C	6e-05	-1.41997	0.91246	0.12
3	66862602	C	G	0.00424	-0.03778	0.07944	0.63
3	66862644	C	T	0.30438	-0.01624	0.01122	0.15
3	66862718	T	C	0.30444	-0.01538	0.01122	0.17
3	66862893	G	T	0.30438	-0.016	0.01122	0.15
3	66862920	C	A	8e-05	0.53809	0.69457	0.44
3	66863002	G	A	0.30438	-0.01596	0.01122	0.16
3	66863065	C	G	0.30437	-0.01599	0.01122	0.15
3	66863154	A	G	4e-05	0.463	0.88879	0.6
3	66863202	G	A	0.00024	-0.38482	0.33628	0.25
3	66863429	G	C	1e-05	-1.54627	2.67816	0.56
3	66863451	T	G	4e-05	0.07706	1.01657	0.94
3	66863586	A	G	0.0002	0.17154	0.37519	0.65
3	66863668	G	A	0.30449	-0.01605	0.01122	0.15
3	66864133	C	T	0.00024	-0.35487	0.33812	0.29
3	66864153	T	G	0.18608	-0.02599	0.01328	0.05
3	66864289	A	G	0.07716	-0.00332	0.01936	0.86
3	66864583	A	G	0.00021	0.10111	0.365	0.78
3	66864594	A	G	0.00024	-0.35468	0.33827	0.29
3	66864803	G	C	1e-05	0.85519	1.52071	0.57
3	66864826	G	A	0.00013	-0.02866	0.47251	0.95
3	66864855	T	G	0.00013	0.01998	0.47194	0.97
3	66864887	C	T	0.30065	-0.01566	0.01126	0.16
3	66864932	G	A	0.30061	-0.01574	0.01126	0.16
3	66865260	A	T	0.00218	-0.00533	0.11471	0.96
3	66865875	T	C	0.30055	-0.01561	0.01126	0.17
3	66865999	C	T	5e-05	0.18939	0.7836	0.81
3	66866043	G	A	7e-05	0.57348	0.70393	0.42
3	66866051	A	T	0.01492	-0.07401	0.04303	0.085
3	66866384	C	G	0.00158	0.05235	0.13371	0.7
3	66866390	C	T	0.00013	0.01534	0.47176	0.97
3	66866430	A	G	1e-05	-1.1231	1.49637	0.45
3	66866458	C	G	0.00013	0.01614	0.47183	0.97
3	66866536	A	G	0.00419	-0.00856	0.08026	0.92
3	66866621	G	A	0.03199	0.02997	0.02937	0.31
3	66866672	A	G	0.29985	-0.0157	0.01127	0.16
3	66866720	T	C	0.17125	0.02743	0.01371	0.045
3	66866748	C	T	0.29985	-0.01565	0.01127	0.16
3	66866811	A	T	0.29981	-0.01561	0.01127	0.17
3	66866903	T	G	0.1505	-0.00213	0.01438	0.88
3	66866922	A	G	0.0001	-0.42923	0.56069	0.44
3	66867033	C	T	2e-05	1.27029	1.22088	0.3
3	66867094	C	T	0.3005	-0.01541	0.01126	0.17
3	66867320	T	C	1e-05	-1.16138	1.49772	0.44
3	66867321	T	A	0.17138	0.02709	0.01371	0.048
3	66867439	T	C	0.00013	0.01814	0.47213	0.97
3	66867603	G	A	0.29988	-0.01557	0.01127	0.17
3	66867744	T	A	3e-05	-1.26566	1.19698	0.29
3	66867844	G	A	0.00163	0.05273	0.13268	0.69
3	66867982	T	C	0.17287	0.02734	0.01367	0.045
3	66868008	T	A	0.18595	-0.02547	0.01329	0.055
3	66868088	A	G	0.00013	0.01774	0.47217	0.97
3	66868229	C	G	0.00659	-0.00101	0.06476	0.99
3	66868253	C	A	0.0008	-0.04751	0.1902	0.8
3	66868310	T	C	0.28222	0.02235	0.01148	0.052
3	66868367	T	G	5e-05	-1.59947	0.97371	0.1
3	66868382	A	G	1e-05	0.84775	2.85612	0.77
3	66868461	G	A	0.07719	-0.00367	0.01936	0.85
3	66868517	A	C	0.07718	-0.0035	0.01936	0.86
3	66868559	A	C	3e-05	-0.03203	1.14372	0.98
3	66868576	A	C	2e-05	-1.38908	1.44133	0.34
3	66868609	T	C	0.28251	0.02191	0.01148	0.056
3	66868754	T	C	2e-05	-1.3917	1.44289	0.33
3	66868827	T	C	0.17197	0.02683	0.01369	0.05
3	66868939	T	C	1e-05	-1.14137	1.49797	0.45
3	66868942	T	C	1e-05	-1.40231	2.23648	0.53
3	66869219	G	A	1e-05	-1.14137	1.49797	0.45
3	66869266	T	G	1e-05	-2.81963	2.93649	0.34
3	66869315	C	G	0.00156	0.02473	0.13706	0.86
3	66869420	A	T	1e-05	-1.14137	1.49797	0.45
3	66869546	C	G	0.00038	0.05116	0.36283	0.89
3	66869582	A	G	1e-05	-1.03615	1.43188	0.47
3	66869696	T	G	0.00024	-0.04598	0.35063	0.9
3	66869791	A	G	0.17146	0.02726	0.01371	0.047
3	66870753	T	C	0.00021	0.01677	0.37339	0.96
3	66870761	G	A	0.28323	0.02319	0.01147	0.043
3	66870838	T	C	0.00014	-0.13244	0.44901	0.77
3	66870925	G	C	1e-05	-0.93359	1.8709	0.62
3	66870974	G	A	0.00014	-0.13751	0.45077	0.76
3	66871065	C	G	1e-05	-0.95096	1.86772	0.61
3	66871067	T	A	1e-05	-0.51119	2.52146	0.84
3	66871146	C	A	2e-05	-1.44002	1.5065	0.34
3	66871252	A	G	2e-05	-1.23285	1.62939	0.45
3	66871257	G	A	0.00014	-0.09488	0.45051	0.83
3	66871390	A	C	1e-05	-0.9295	1.87091	0.62
3	66871466	A	G	1e-05	-0.9295	1.87091	0.62
3	66871531	G	A	5e-05	0.16621	0.7814	0.83
3	66871564	T	C	0.00077	-0.06362	0.1936	0.74
3	66871583	A	C	0.00024	-0.04006	0.35046	0.91
3	66871612	A	G	0.00264	0.13871	0.10613	0.19
3	66871882	C	T	1e-05	-1.13959	1.49809	0.45
3	66871966	A	G	1e-05	-1.15663	1.49796	0.44
3	66871998	A	C	1e-05	-0.91708	1.86997	0.62
3	66872055	A	T	1e-05	-0.90851	1.87067	0.63
3	66872070	A	G	1e-05	-1.13959	1.49809	0.45
3	66872085	C	T	1e-05	-1.15663	1.49796	0.44
3	66872326	C	G	0.03185	0.03018	0.02943	0.31
3	66872351	G	C	0.00481	-0.04223	0.07983	0.6
3	66872387	C	T	1e-05	-1.15705	1.49796	0.44
3	66872495	T	G	0.00117	-0.05443	0.15886	0.73
3	66872618	T	C	1e-05	-1.20635	1.56086	0.44
3	66872772	A	G	1e-05	-1.19768	1.56114	0.44
3	66872877	T	G	0.01014	0.05328	0.05537	0.34
3	66873145	G	A	0.0004	-0.08096	0.27322	0.77
3	66873213	A	G	0.07775	-0.00306	0.0193	0.87
3	66873223	A	T	0.00026	-0.1069	0.34051	0.75
3	66873257	C	T	0.07782	-0.00184	0.01929	0.92
3	66873269	G	A	0.02097	0.04387	0.03639	0.23
3	66873643	T	C	1e-05	-1.19768	1.56114	0.44
3	66873917	T	C	1e-05	-1.16058	1.49902	0.44
3	66874105	A	G	0.18523	-0.02412	0.01332	0.07
3	66874135	C	T	0.00697	-0.0095	0.06274	0.88
3	66874259	A	G	0.07747	-0.003	0.01932	0.88
3	66874261	G	C	0.00013	-0.04205	0.47302	0.93
3	66874475	C	T	0.00696	-0.01227	0.06274	0.84
3	66874481	C	A	0.27809	0.02388	0.01153	0.038
3	66874549	A	G	1e-05	-1.18407	1.54785	0.44
3	66874643	A	T	0.00013	-0.04041	0.47297	0.93
3	66874786	A	C	4e-05	0.43848	0.88792	0.62
3	66874833	C	T	0.07809	0.00056	0.01926	0.98
3	66874858	G	T	0.03161	0.02786	0.02955	0.35
3	66874872	C	T	0.00013	0.00504	0.47225	0.99
3	66874932	G	T	0.00011	-0.05329	0.50292	0.92
3	66874967	A	G	1e-05	-1.07666	3.73288	0.77
3	66875225	C	T	0.03161	0.02786	0.02955	0.35
3	66875468	G	A	0.03316	0.02547	0.02897	0.38
3	66875677	T	C	0.03166	0.02915	0.02954	0.32
3	66875748	C	T	0.03163	0.02926	0.02954	0.32
3	66875754	C	T	0.03162	0.02923	0.02954	0.32
3	66875807	C	G	0.00024	-0.03655	0.36264	0.92
3	66875857	A	G	0.00029	-0.28775	0.31011	0.35
3	66875925	G	A	0.03163	0.02949	0.02953	0.32
3	66875998	G	A	0.00025	0.13246	0.35691	0.71
3	66876015	G	C	0.03163	0.02949	0.02953	0.32
3	66876031	C	G	0.07749	-0.00206	0.01933	0.92
3	66876114	A	G	0.03112	-0.00185	0.02964	0.95
3	66876182	G	A	1e-05	-0.77451	1.66405	0.64
3	66876394	G	A	0.00268	0.0753	0.10998	0.49
3	66876504	T	A	1e-05	-0.94939	1.86824	0.61
3	66876582	A	G	0.00029	-0.28886	0.31004	0.35
3	66877020	G	T	0.0076	0.00499	0.06583	0.94
3	66877086	G	A	3e-05	-1.18074	1.19176	0.32
3	66877319	T	C	0.00014	0.00444	0.4659	0.99
3	66877320	G	A	0.1671	0.02753	0.01379	0.046
3	66877343	T	C	0.16711	0.02755	0.01379	0.046
3	66877367	A	T	0.01686	-0.06083	0.03997	0.13
3	66877417	G	C	0.16721	0.0278	0.01378	0.044
3	66877545	T	C	0.1355	0.02556	0.01501	0.089
3	66877666	C	T	1e-05	-0.76246	1.76579	0.67
3	66877690	C	G	0.13552	0.02369	0.015	0.11
3	66877773	A	G	0.13555	0.0257	0.015	0.087
3	66877785	T	C	4e-05	-0.22833	0.83691	0.78
3	66877795	C	G	0.01723	-0.05372	0.03946	0.17
3	66877904	C	G	4e-05	1.91417	1.43345	0.18
3	66878082	T	G	4e-05	0.30274	0.83443	0.72
3	66878099	T	G	0.0001	0.22218	0.55935	0.69
3	66878113	A	G	9e-05	0.46143	0.66852	0.49
3	66878196	T	C	0.02888	0.02829	0.03092	0.36
3	66878383	G	A	0.0316	0.02826	0.02954	0.34
3	66878404	A	G	0.09694	-0.01296	0.0174	0.46
3	66878420	T	C	0.00013	0.00483	0.47292	0.99
3	66878540	C	A	1e-05	-0.35385	2.51724	0.89
3	66878646	C	T	0.03158	0.02863	0.02954	0.33
3	66878775	G	C	3e-05	-1.3742	1.1511	0.23
3	66878786	A	G	0.03158	0.02864	0.02954	0.33
3	66878985	G	T	0.00026	-0.07866	0.34211	0.82
3	66879115	T	C	0.24264	0.01825	0.01203	0.13
3	66879126	T	C	0.12671	0.02655	0.01548	0.086
3	66879285	T	A	0.24283	0.01799	0.01202	0.13
3	66879324	A	G	0.24274	0.01808	0.01203	0.13
3	66879398	C	T	0.21047	0.0152	0.01265	0.23
3	66879462	G	T	8e-05	0.30334	0.67285	0.65
3	66879546	A	T	0.0001	-0.26598	0.54676	0.63
3	66879710	A	G	0.2428	0.0179	0.01203	0.14
3	66879713	C	A	0.01664	-0.05972	0.04208	0.16
3	66879884	T	G	0.24613	0.02031	0.01197	0.09
3	66879983	C	A	0.01855	-0.05036	0.0392	0.2
3	66880001	A	G	0.08226	-0.00479	0.01877	0.8
3	66880031	C	T	2e-05	-1.3927	1.46197	0.34
3	66880047	A	T	0.03515	0.026	0.02831	0.36
3	66880052	C	T	0.24422	0.0191	0.01201	0.11
3	66880124	C	T	0.03162	0.02973	0.02951	0.31
3	66880203	A	G	1e-05	-2.79732	3.0144	0.35
3	66880369	C	T	0.00029	-0.29356	0.30991	0.34
3	66880575	G	A	2e-05	0.56508	1.39445	0.69
3	66880579	T	C	0.00039	-0.04349	0.277	0.88
3	66880807	G	T	5e-05	-1.42565	0.89118	0.11
3	66881118	G	A	0.0823	-0.00455	0.01876	0.81
3	66881200	T	A	0.00015	0.08947	0.46807	0.85
3	66881242	A	C	0.03173	0.028	0.02946	0.34
3	66881249	T	C	0.03209	0.00133	0.02971	0.96
3	66881317	C	T	4e-05	0.70552	1.01607	0.49
3	66881322	T	C	0.0005	0.19692	0.23337	0.4
3	66881402	C	G	0.11403	0.00485	0.01621	0.76
3	66881606	T	C	0.11454	0.00618	0.01618	0.7
3	66881718	A	C	1e-05	-0.53727	1.801	0.77
3	66881724	G	C	0.00012	-0.99739	0.50298	0.047
3	66881816	G	C	0.0823	-0.00491	0.01876	0.79
3	66881959	G	A	0.00053	0.29017	0.22837	0.2
3	66882020	A	G	8e-05	0.4856	0.67977	0.48
3	66882037	T	C	0.00027	-0.17676	0.33363	0.6
3	66882295	A	G	1e-05	0.74776	2.80055	0.79
3	66882479	T	C	0.11432	0.00528	0.01619	0.74
3	66882597	T	G	0.00011	-0.36962	0.52133	0.48
3	66882606	G	A	0.00058	0.41854	0.2199	0.057
3	66882674	A	G	0.08207	-0.00731	0.01878	0.7
3	66882744	C	A	1e-05	-0.93206	1.87172	0.62
3	66882799	G	A	0.11435	0.00502	0.01618	0.76
3	66882939	C	G	0.13021	0.02841	0.01531	0.063
3	66883101	A	C	9e-05	-0.23334	0.57854	0.69
3	66883500	A	G	0.01688	-0.06068	0.03997	0.13
3	66883610	G	A	0.03177	0.02866	0.02944	0.33
3	66883694	G	A	0.11359	0.00483	0.01627	0.77
3	66883699	A	G	0.11351	0.00514	0.01628	0.75
3	66883774	C	T	0.00054	0.36032	0.22562	0.11
3	66883775	A	C	4e-05	-0.84731	1.15212	0.46
3	66883777	C	T	5e-05	-1.42562	0.89618	0.11
3	66883821	C	T	2e-05	0.64308	1.51551	0.67
3	66883839	A	G	0.00016	-0.10408	0.4592	0.82
3	66883848	G	A	0.00029	-0.28975	0.31077	0.35
3	66883924	C	T	0.03176	0.02812	0.02945	0.34
3	66884109	C	T	0.08216	-0.00779	0.01877	0.68
3	66884189	G	T	0.00869	-0.06961	0.05771	0.23
3	66884231	G	A	8e-05	0.49194	0.68092	0.47
3	66884407	G	T	1e-05	-0.21399	2.57988	0.93
3	66884474	C	T	0.03174	0.02823	0.02945	0.34
3	66884695	T	C	0.0212	0.0258	0.03711	0.49
3	66884859	T	C	4e-05	0.32871	0.88057	0.71
3	66885046	G	T	0.03174	0.02821	0.02944	0.34
3	66885085	A	T	0.01661	-0.05884	0.04045	0.15
3	66885104	C	T	0.08209	-0.00798	0.01877	0.67
3	66885311	A	G	0.03145	0.02744	0.02958	0.35
3	66885351	G	A	0.03162	0.02953	0.02949	0.32
3	66885364	G	A	0.00029	-0.29652	0.30949	0.34
3	66885584	A	T	0.00026	-0.06857	0.3419	0.84
3	66885819	A	G	0.01284	0.00516	0.04947	0.92
3	66885900	C	T	1e-05	-0.87052	2.11395	0.68
3	66886051	A	C	1e-05	-0.4719	1.81267	0.79
3	66886066	C	G	0.0821	-0.00795	0.01877	0.67
3	66886154	A	C	2e-05	-1.40197	1.46625	0.34
3	66886181	C	A	2e-05	-1.33133	1.39651	0.34
3	66886321	T	C	0.00011	-0.35808	0.5187	0.49
3	66886391	C	T	0.00023	-0.35964	0.33881	0.29
3	66886550	T	C	0.00025	-0.0498	0.34724	0.89
3	66886634	G	A	0.00011	-0.3123	0.5332	0.56
3	66886809	G	A	0.00011	-0.3587	0.51868	0.49
3	66887376	C	T	0.00011	-0.36021	0.51756	0.49
3	66887429	G	A	0.08215	-0.00842	0.01876	0.65
3	66887438	G	A	0.24362	0.01817	0.01201	0.13
3	66887593	T	C	0.11451	0.00432	0.01617	0.79
3	66887627	A	T	2e-05	-1.39431	1.46661	0.34
3	66887664	A	G	0.08215	-0.00846	0.01876	0.65
3	66887684	G	T	8e-05	-0.13331	0.57991	0.82
3	66887753	C	T	0.03167	0.02904	0.0295	0.32
3	66887787	C	T	0.00057	0.43292	0.22174	0.051
3	66887817	A	T	0.03147	0.02493	0.0296	0.4
3	66887818	T	A	0.08215	-0.00848	0.01876	0.65
3	66887906	G	C	0.08215	-0.00846	0.01876	0.65
3	66888197	G	A	0.08226	-0.00894	0.01875	0.63
3	66888258	A	T	0.12874	0.02472	0.01539	0.11
3	66888263	C	T	1e-05	-1.03502	2.28187	0.65
3	66888457	T	C	0.00013	-0.00523	0.47439	0.99
3	66888470	C	G	0.00025	-0.04725	0.34715	0.89
3	66888602	C	G	0.00028	-0.41908	0.3271	0.2
3	66888681	A	T	0.00055	0.42875	0.22434	0.056
3	66888767	T	C	3e-05	0.28302	1.0954	0.8
3	66888768	A	G	0.00011	-0.37434	0.51174	0.46
3	66888808	T	C	1e-05	-0.47366	2.58101	0.85
3	66888837	G	T	0.00013	-0.00626	0.47432	0.99
3	66888949	C	T	0.00056	0.39024	0.22237	0.079
3	66889133	G	C	4e-05	1.06135	1.07797	0.32
3	66889136	A	G	0.00018	0.26699	0.44519	0.55
3	66889182	T	C	1e-05	-1.72229	4.08308	0.67
3	66889337	A	G	0.08183	-0.00932	0.01881	0.62
3	66889348	G	T	0.08183	-0.00932	0.01881	0.62
3	66889445	G	C	1e-05	0.88865	1.50938	0.56
3	66889560	A	G	0.00011	-0.35183	0.51728	0.5
3	66889723	C	T	1e-05	-1.01205	1.83218	0.58
3	66889800	A	G	0.11438	0.00499	0.01617	0.76
3	66889950	G	C	0.03151	0.02975	0.02954	0.31
3	66889980	C	A	0.11447	0.00515	0.01616	0.75
3	66890008	G	A	5e-05	1.15735	0.96107	0.23
3	66890026	A	C	0.00011	-0.42546	0.51748	0.41
3	66890053	A	T	0.00176	-0.28829	0.14259	0.043
3	66890149	T	A	0.25478	0.01716	0.01184	0.15
3	66890180	T	G	0.00012	-0.4563	0.51339	0.37
3	66890202	A	G	2e-05	-0.91863	1.62558	0.57
3	66890230	A	G	9e-05	-0.05152	0.58632	0.93
3	66890234	T	A	0.00012	-0.45572	0.51339	0.37
3	66890324	C	G	0.00012	-0.45905	0.51339	0.37
3	66890403	C	A	0.00524	-0.09995	0.07742	0.2
3	66890431	C	G	0.01765	0.06053	0.03957	0.13
3	66890435	A	G	0.0003	-0.04658	0.34016	0.89
3	66890558	C	A	1e-05	-0.45163	2.0243	0.82
3	66890594	T	G	0.00012	-0.45584	0.51343	0.37
3	66890624	A	G	0.00025	-0.39016	0.33851	0.25
3	66890640	G	A	0.00012	-0.46105	0.51344	0.37
3	66890646	G	A	0.00012	-0.46105	0.51344	0.37
3	66890689	T	C	2e-05	-0.75557	1.61737	0.64
3	66890699	C	A	0.00029	-0.30083	0.313	0.34
3	66890796	C	T	0.00012	-0.46041	0.51358	0.37
3	66890836	C	G	0.00012	-0.45689	0.51357	0.37
3	66890894	A	T	0.00012	-0.4793	0.50975	0.35
3	66890923	A	G	3e-05	-1.3416	1.20375	0.27
3	66891024	T	C	0.03158	0.03037	0.02953	0.3
3	66891087	G	A	0.08232	-0.00776	0.01874	0.68
3	66891106	T	C	0.00024	-0.36081	0.33876	0.29
3	66891259	A	G	6e-05	0.14388	0.98657	0.88
3	66891288	C	G	0.02655	-0.07804	0.03198	0.015
3	66891334	C	T	0.00025	-0.06216	0.34515	0.86
3	66891678	T	C	0.09004	0.01502	0.01817	0.41
3	66891774	T	G	0.00024	-0.03379	0.34845	0.92
3	66891910	G	C	0.07806	-0.00569	0.01927	0.77
3	66892025	T	C	0.25785	0.01752	0.0118	0.14
3	66892078	A	G	9e-05	-0.24734	0.57163	0.67
3	66892080	C	T	0.00012	-0.4881	0.51042	0.34
3	66892315	T	C	0.00102	-0.00147	0.17072	0.99
3	66892402	A	G	5e-05	-0.71204	1.84141	0.7
3	66892454	G	A	9e-05	-0.25326	0.57493	0.66
3	66892868	C	A	2e-05	-2.01236	1.8811	0.28
3	66893041	G	C	1e-05	-0.40952	1.91863	0.83
3	66893188	A	T	0.00287	0.04846	0.10577	0.65
3	66893201	T	G	0.00012	-0.48494	0.51305	0.34
3	66893275	C	T	0.0853	-0.00653	0.01848	0.72
3	66893353	A	G	4e-05	1.18799	0.81781	0.15
3	66893421	A	G	5e-05	0.86164	0.74684	0.25
3	66893456	T	G	1e-05	-0.36771	1.94009	0.85
3	66893466	G	T	0.00012	-0.48894	0.51043	0.34
3	66893566	C	A	0.00026	-0.08493	0.34377	0.8
3	66893570	A	G	1e-05	1.31157	3.58073	0.71
3	66893587	A	G	0.00012	-0.49271	0.51092	0.33
3	66893664	T	C	0.00012	-0.48287	0.51153	0.35
3	66893977	T	C	0.0003	-0.29117	0.30725	0.34
3	66893983	T	C	0.00266	0.20414	0.10343	0.048
3	66894023	T	A	0.14191	0.02619	0.01479	0.077
3	66894052	T	C	1e-05	-1.77006	2.4022	0.46
3	66894069	T	C	1e-05	0.90875	2.60715	0.73
3	66894073	C	T	0.00011	-0.37992	0.5145	0.46
3	66894256	A	T	0.00014	-0.22245	0.5045	0.66
3	66894291	C	T	0.00011	-0.37956	0.51452	0.46
3	66894380	C	A	0.00011	-0.38125	0.51446	0.46
3	66894517	T	C	0.00012	-0.37695	0.51444	0.46
3	66894550	C	A	0.00012	-0.37568	0.51441	0.47
3	66894566	A	G	0.00025	-0.04495	0.34617	0.9
3	66894618	T	C	0.00029	-0.29178	0.31334	0.35
3	66894619	A	G	0.00056	-0.13	0.26741	0.63
3	66894638	A	G	1e-05	-1.06522	2.25354	0.64
3	66894696	C	T	4e-05	-0.19984	0.9142	0.83
3	66894875	T	G	0.14003	0.02398	0.01488	0.11
3	66894924	G	A	3e-05	0.45867	1.47957	0.76
3	66894939	G	A	0.25531	0.01717	0.01184	0.15
3	66895237	T	C	1e-05	-1.06247	2.28506	0.64
3	66895262	C	T	3e-05	-1.36306	1.20211	0.26
3	66895282	G	C	0.00041	-0.16818	0.29794	0.57
3	66895311	G	A	8e-05	-0.97632	0.65472	0.14
3	66895331	C	T	9e-05	0.36006	0.66485	0.59
3	66895350	C	G	5e-05	-1.41087	0.87832	0.11
3	66895416	C	T	0.14218	0.02514	0.01478	0.089
3	66895432	C	G	0.00023	-0.35974	0.3389	0.29
3	66895469	C	T	0.11454	0.00491	0.01617	0.76
3	66895504	G	T	0.00011	-0.38057	0.51446	0.46
3	66895586	T	C	0.00011	-0.38053	0.51449	0.46
3	66895814	A	G	0.00011	-0.38128	0.51446	0.46
3	66895902	A	T	0.03161	0.03266	0.02952	0.27
3	66895904	T	C	0.00011	-0.38022	0.51448	0.46
3	66895929	C	A	0.00013	-0.18898	0.50577	0.71
3	66895979	G	A	0.00011	-0.38003	0.51447	0.46
3	66896299	G	C	0.00048	0.22684	0.23613	0.34
3	66896418	A	G	0.00025	-0.05352	0.34645	0.88
3	66896583	T	C	1e-05	-0.29951	1.95461	0.88
3	66897192	A	T	0.00011	-0.37911	0.51453	0.46
3	66897281	C	G	0.00503	-0.10903	0.07844	0.16
3	66897345	G	A	0.00012	-0.38536	0.51394	0.45
3	66897387	C	G	0.00011	-0.37648	0.51726	0.47
3	66897518	G	A	0.03162	0.03256	0.02952	0.27
3	66897566	T	C	5e-05	0.28383	0.83098	0.73
3	66897590	C	G	0.00049	0.19969	0.23328	0.39
3	66897888	T	C	7e-05	0.26132	1.05952	0.81
3	66897962	G	A	0.2564	0.01713	0.01182	0.15
3	66897996	T	C	0.11332	0.00525	0.01628	0.75
3	66898062	T	C	1e-05	-1.91319	2.50438	0.44
3	66898228	A	G	0.00049	0.1952	0.2329	0.4
3	66898244	C	T	0.00048	0.21389	0.23507	0.36
3	66899354	C	T	0.11424	0.00486	0.01618	0.76
3	66899407	C	G	1e-05	-0.302	1.95455	0.88
3	66899595	G	A	0.00011	-0.37977	0.51428	0.46
3	66899601	A	G	0.0003	-0.37271	0.31207	0.23
3	66899639	A	G	0.00011	-0.38055	0.51425	0.46
3	66899755	A	C	1e-05	-0.37098	1.93975	0.85
3	66899870	A	G	0.00012	-0.38645	0.51368	0.45
3	66900101	A	G	0.11422	0.00442	0.01619	0.78
3	66900164	T	A	0.0001	-0.94574	0.54283	0.081
3	66900221	G	C	0.00011	-0.38029	0.51425	0.46
3	66900317	C	T	0.00013	-0.00194	0.47555	1.0
3	66900351	A	G	0.00012	-0.40369	0.50891	0.43
3	66900392	A	G	0.25514	0.01673	0.01184	0.16
3	66900556	C	T	0.00012	-0.38705	0.5137	0.45
3	66900572	G	C	0.25502	0.01697	0.01184	0.15
3	66900588	T	C	0.00011	-0.37936	0.51426	0.46
3	66900782	A	G	0.00049	0.20016	0.23383	0.39
3	66900864	T	G	9e-05	-0.42368	0.53055	0.42
3	66900890	A	G	0.01817	-0.059	0.03995	0.14
3	66900900	C	T	0.00012	-0.38507	0.51388	0.45
3	66900905	A	G	9e-05	-1.15711	0.91482	0.21
3	66901038	C	T	0.03163	0.03342	0.02952	0.26
3	66901141	G	A	0.00011	-0.38018	0.51439	0.46
3	66901274	T	C	4e-05	-0.99983	1.13106	0.38
3	66901286	T	C	0.00011	-0.37134	0.51716	0.47
3	66901330	C	T	0.00011	-0.37951	0.51452	0.46
3	66901428	C	T	5e-05	-1.38746	0.91315	0.13
3	66901534	T	C	0.00025	0.21903	0.36001	0.54
3	66901535	A	G	0.00021	0.41588	0.37152	0.26
3	66901563	A	T	0.25508	0.01646	0.01184	0.16
3	66901716	A	T	0.00012	-0.38584	0.51393	0.45
3	66901749	T	C	0.02009	-0.04501	0.03759	0.23
3	66901757	G	C	0.00011	-0.38057	0.5145	0.46
3	66901772	A	T	0.00011	-0.38083	0.5145	0.46
3	66901940	G	C	1e-05	-0.30134	1.95486	0.88
3	66902164	G	A	0.00011	-0.38057	0.5145	0.46
3	66902286	T	C	4e-05	0.83969	1.04363	0.42
3	66902287	T	G	0.11433	0.00406	0.01618	0.8
3	66902370	G	A	0.00013	-0.29537	0.50027	0.55
3	66902469	A	G	0.00311	0.09144	0.09237	0.32
3	66902513	A	G	0.00048	0.20679	0.23396	0.38
3	66902624	A	T	0.03144	0.03186	0.02965	0.28
3	66902762	C	T	9e-05	-0.04033	0.78133	0.96
3	66902867	T	C	0.00013	-0.27216	0.50536	0.59
3	66902868	A	G	1e-05	-0.426	2.04119	0.83
3	66902879	A	C	0.03132	0.02708	0.02976	0.36
3	66902917	T	A	1e-05	-1.21209	1.47865	0.41
3	66902921	G	T	0.13972	0.02306	0.01498	0.12
3	66903063	C	T	2e-05	2.04755	1.62882	0.21
3	66903069	A	G	0.03946	-0.00756	0.02726	0.78
3	66903107	G	A	0.00025	-0.04029	0.34696	0.91
3	66903172	A	C	0.25422	0.01522	0.01195	0.2
3	66903234	C	T	0.00061	0.10946	0.21786	0.62
3	66903310	T	C	1e-05	0.94919	1.45725	0.51
3	66903366	T	A	0.23149	-0.01398	0.01252	0.26
3	66903518	G	A	0.00011	-0.33524	0.52665	0.52
3	66903567	G	A	0.00011	-0.3305	0.52618	0.53
3	66903627	G	A	1e-05	0.37097	3.19846	0.91
3	66903844	T	C	0.03131	0.02781	0.03002	0.35
3	66904128	A	G	0.00013	-0.12095	0.51759	0.82
3	66904148	A	G	0.00011	-0.28452	0.53335	0.59
3	66904195	T	C	0.00013	-0.11519	0.5191	0.82
3	66904338	T	C	1e-05	-0.91604	3.18883	0.77
3	66904425	C	T	0.00562	-0.14144	0.07622	0.063
3	66904453	G	T	8e-05	0.70086	0.89365	0.43
3	66904530	T	A	0.00011	-0.25055	0.53549	0.64
3	66904567	G	A	0.1136	0.00246	0.01652	0.88
3	66904615	T	A	0.00015	-0.28388	0.45259	0.53
3	66904667	C	G	1e-05	-1.06056	2.25525	0.64
3	66904814	C	T	0.00011	-0.23317	0.53314	0.66
3	66904880	A	G	0.00011	-0.23021	0.53338	0.67
3	66904969	A	G	0.00011	-0.25132	0.53515	0.64
3	66904984	G	A	5e-05	0.04109	0.7764	0.96
3	66905015	G	A	0.00011	-0.22526	0.53846	0.68
3	66905045	C	T	1e-05	0.9766	1.44164	0.5
3	66905118	A	G	2e-05	0.78681	1.38849	0.57
3	66905196	A	T	0.07724	0.03159	0.01983	0.11
3	66905590	G	A	4e-05	0.19011	0.96004	0.84
3	66905641	T	C	0.0049	-0.03538	0.07655	0.64
3	66905642	A	G	0.00018	-0.5082	0.42054	0.23
3	66905687	C	T	0.00026	0.15111	0.37192	0.68
3	66905775	T	C	0.08608	0.04058	0.0185	0.028
3	66905901	A	G	0.00018	-0.1904	0.43081	0.66
3	66905917	A	C	1e-05	1.54345	3.01182	0.61
3	66905961	C	A	3e-05	-1.33049	1.56424	0.4
3	66906087	A	C	0.96431	-0.03607	0.02857	0.21
3	66906125	C	T	0.43281	-0.0308	0.01038	0.003
3	66906127	A	G	0.00017	-0.32497	0.44554	0.47
3	66906174	A	G	0.00052	0.24208	0.23818	0.31
3	66906187	G	A	0.00384	0.12182	0.08398	0.15
3	66906189	A	C	1e-05	-2.91025	3.38654	0.39
3	66906308	G	T	0.70598	-0.02878	0.01134	0.011
3	66906329	A	G	0.00052	0.16864	0.23692	0.48
3	66906389	G	T	0.00018	-0.44523	0.41994	0.29
3	66906395	C	T	0.00018	-0.42423	0.42081	0.31
3	66906526	T	C	1e-05	-0.72321	2.398	0.76
3	66906755	G	A	1e-05	-1.2505	1.81409	0.49
3	66906775	T	C	0.11025	0.03169	0.01641	0.053
3	66906895	C	T	0.00019	-0.4053	0.41768	0.33
3	66906996	C	A	0.11028	0.03348	0.0164	0.041
3	66907090	G	A	0.0002	0.28707	0.37082	0.44
3	66907221	C	T	0.00064	0.02293	0.23347	0.92
3	66907366	G	C	0.00034	-0.18921	0.28869	0.51
3	66907387	A	G	0.00018	-0.38641	0.41925	0.36
3	66907421	A	G	0.00019	-0.39353	0.41651	0.34
3	66907481	C	T	0.00015	-0.25808	0.47409	0.59
3	66907694	T	C	0.00018	-0.39171	0.42219	0.35
3	66907779	G	C	0.00018	-0.38274	0.41963	0.36
3	66907820	A	G	1e-05	-0.00765	2.96389	1.0
3	66907870	T	C	0.10967	0.03341	0.01645	0.042
3	66907972	A	G	0.00018	-0.38275	0.41967	0.36
3	66908161	T	C	2e-05	-1.16947	1.92089	0.54
3	66908169	A	C	0.00019	-0.40132	0.41795	0.34
3	66908175	T	G	0.00018	-0.40018	0.418	0.34
3	66908374	A	G	0.01108	0.00355	0.05074	0.94
3	66908418	G	T	0.00014	-0.24802	0.47479	0.6
3	66908493	C	T	0.00019	-0.39709	0.41804	0.34
3	66908539	T	G	0.10903	0.03348	0.01652	0.043
3	66908562	T	A	0.10985	0.03312	0.01646	0.044
3	66908581	T	C	2e-05	-1.30849	1.55213	0.4
3	66908614	A	G	4e-05	-0.9319	0.9173	0.31
3	66908676	A	G	0.05186	0.00673	0.02331	0.77
3	66908756	T	C	0.00018	-0.37052	0.41993	0.38
3	66908783	T	C	0.00034	-0.24136	0.28668	0.4
3	66908828	T	G	3e-05	-0.90783	1.13276	0.42
3	66908840	T	C	8e-05	0.48635	0.74606	0.51
3	66908863	T	C	7e-05	-0.67022	0.73974	0.36
3	66908959	G	A	8e-05	-0.59927	0.70058	0.39
3	66909072	G	C	4e-05	-0.86366	0.90727	0.34
3	66909131	C	G	0.00357	-0.0167	0.08765	0.85
3	66909165	C	T	1e-05	0.65256	3.25109	0.84
3	66909224	T	C	6e-05	-0.6358	0.75212	0.4
3	66909238	T	C	8e-05	-0.60804	0.71136	0.39
3	66909261	C	G	8e-05	-0.65817	0.69629	0.34
3	66909314	A	G	0.10617	0.03251	0.01671	0.052
3	66909343	A	G	0.00074	-0.00466	0.19632	0.98
3	66909410	C	G	0.15102	0.028	0.01445	0.053
3	66909459	T	G	0.00031	-0.21178	0.29727	0.48
3	66909604	A	C	1e-05	-1.03613	2.23966	0.64
3	66909662	A	G	1e-05	2.74343	2.86883	0.34
3	66909877	T	G	5e-05	-0.73341	0.84302	0.38
3	66909886	A	G	0.03171	-0.03921	0.03024	0.19
3	66910010	T	C	4e-05	-0.25101	0.85429	0.77
3	66910046	C	T	7e-05	-0.29782	0.73338	0.68
3	66910243	C	T	7e-05	-0.29092	0.73314	0.69
3	66910247	T	C	0.00033	0.3165	0.35309	0.37
3	66910343	A	T	0.25905	0.03596	0.01177	0.0023
3	66910360	A	G	5e-05	0.98057	1.01859	0.34
3	66910427	A	G	0.00031	-0.215	0.29656	0.47
3	66910618	C	T	0.00138	0.05004	0.15404	0.75
3	66910619	A	G	0.00048	0.21913	0.2468	0.37
3	66910679	T	G	7e-05	-0.28892	0.73295	0.69
3	66910693	G	A	0.25909	0.03568	0.01177	0.0024
3	66910703	A	G	1e-05	-1.2721	1.99865	0.52
3	66910745	G	T	7e-05	-0.28791	0.73306	0.69
3	66911021	A	G	8e-05	1.1261	0.84794	0.18
3	66911022	A	G	0.08094	0.0342	0.01893	0.071
3	66911058	A	C	0.00474	-0.04353	0.07669	0.57
3	66911178	A	C	6e-05	-0.28981	0.73419	0.69
3	66911249	G	C	4e-05	-0.84842	0.93166	0.36
3	66911298	A	C	0.00013	-0.44283	0.4873	0.36
3	66911314	A	G	6e-05	-0.29111	0.73396	0.69
3	66911319	A	G	6e-05	-0.28929	0.73422	0.69
3	66911332	A	G	0.55604	-0.03825	0.01036	0.00022
3	66911336	A	G	4e-05	-0.84842	0.93166	0.36
3	66911537	T	C	7e-05	-0.29262	0.73383	0.69
3	66911661	C	T	3e-05	0.63976	1.1995	0.59
3	66911710	C	G	4e-05	-0.84841	0.93158	0.36
3	66911734	G	A	0.00011	-0.34256	0.52934	0.52
3	66911825	T	C	1e-05	1.0789	1.94422	0.58
3	66911829	A	G	2e-05	-0.73218	1.72159	0.67
3	66911929	G	A	1e-05	2.69182	2.98738	0.37
3	66912064	C	T	6e-05	-0.28996	0.73413	0.69
3	66912278	A	G	6e-05	-0.28981	0.73418	0.69
3	66912330	G	T	6e-05	-0.28981	0.73418	0.69
3	66912381	G	A	1e-05	-0.40488	2.41277	0.87
3	66912397	C	T	6e-05	-0.28904	0.73422	0.69
3	66912592	G	A	0.06156	0.0032	0.02196	0.88
3	66912679	C	T	0.8156	-0.01732	0.01333	0.19
3	66912802	G	A	0.10656	0.03408	0.01669	0.041
3	66913025	C	T	0.0076	0.03467	0.06154	0.57
3	66913095	A	C	1e-05	-0.03971	2.79088	0.99
3	66913133	A	T	4e-05	-0.85003	0.93155	0.36
3	66913143	C	A	2e-05	2.96816	1.37938	0.031
3	66913164	C	A	4e-05	-0.85557	0.93156	0.36
3	66913168	C	T	0.00011	-0.34271	0.52934	0.52
3	66913192	T	G	6e-05	-0.28997	0.73403	0.69
3	66913213	T	C	6e-05	-0.28917	0.73414	0.69
3	66913231	C	T	6e-05	-0.2898	0.73408	0.69
3	66913239	T	C	6e-05	-0.28677	0.73408	0.7
3	66913257	G	A	0.5564	-0.03819	0.01036	0.00023
3	66913349	T	C	0.00013	0.02363	0.56065	0.97
3	66913358	A	G	2e-05	-1.42494	1.27208	0.26
3	66913413	T	A	0.55634	-0.03815	0.01036	0.00023
3	66913647	T	C	9e-05	-0.35676	0.68336	0.6
3	66913651	C	T	0.00011	-0.35288	0.52907	0.5
3	66913663	G	A	3e-05	0.63913	1.19774	0.59
3	66913683	A	G	7e-05	-0.29051	0.73393	0.69
3	66913723	A	G	7e-05	-0.28837	0.7339	0.69
3	66913860	A	G	0.55374	-0.03968	0.01036	0.00013
3	66914034	G	A	0.00053	-0.03118	0.23189	0.89
3	66914064	G	A	8e-05	0.81143	0.80759	0.32
3	66914102	A	T	0.55579	-0.03818	0.01035	0.00023
3	66914121	T	C	4e-05	0.90911	1.00244	0.36
3	66914197	C	T	1e-05	0.59448	1.86924	0.75
3	66914461	T	C	6e-05	-0.26389	0.73336	0.72
3	66914565	G	A	7e-05	-0.25973	0.7323	0.72
3	66914581	A	C	0.25691	0.03527	0.0118	0.0028
3	66914689	C	T	0.55577	-0.03817	0.01035	0.00023
3	66914698	A	C	4e-05	-0.85152	0.93118	0.36
3	66914758	C	T	0.55611	-0.03844	0.01035	0.0002
3	66914830	G	T	7e-05	-0.26095	0.73289	0.72
3	66914877	A	G	7e-05	-0.261	0.73289	0.72
3	66914949	G	C	0.55531	-0.03865	0.01035	0.00019
3	66914982	T	C	0.55601	-0.03827	0.01035	0.00022
3	66915052	A	C	0.0001	-0.20553	0.65901	0.76
3	66915178	A	C	4e-05	-0.84992	0.93116	0.36
3	66915225	C	T	2e-05	-1.1843	1.46785	0.42
3	66915726	G	A	0.00043	0.27076	0.26259	0.3
3	66915741	G	A	0.10621	0.0333	0.0167	0.046
3	66916160	T	C	0.0003	-0.53099	0.34751	0.13
3	66916310	T	G	3e-05	0.71033	1.19543	0.55
3	66916668	C	T	2e-05	2.48414	1.27881	0.052
3	66916706	A	G	0.00062	0.13111	0.22995	0.57
3	66916783	A	G	0.81365	-0.01822	0.01328	0.17
3	66916897	C	A	7e-05	-0.28483	0.73029	0.7
3	66917075	A	G	3e-05	0.88718	1.28095	0.49
3	66917135	T	C	9e-05	-0.46365	0.55683	0.41
3	66917233	G	A	6e-05	-0.13494	0.71237	0.85
3	66917269	A	T	7e-05	-0.28597	0.73007	0.7
3	66917401	G	C	4e-05	-0.85132	0.93115	0.36
3	66917635	T	C	0.151	0.02648	0.01445	0.067
3	66917656	A	G	0.00041	0.22716	0.26694	0.39
3	66917717	C	T	0.00011	-0.76916	0.59879	0.2
3	66917727	T	C	9e-05	-0.06581	0.88607	0.94
3	66917977	C	G	1e-05	-0.51156	2.41998	0.83
3	66918011	G	A	0.81348	-0.0185	0.01327	0.16
3	66918111	C	A	0.15114	0.02767	0.01444	0.055
3	66918124	A	G	0.86914	-0.02069	0.01537	0.18
3	66918197	A	G	6e-05	-0.14122	0.71241	0.84
3	66918368	C	T	0.55516	-0.03826	0.01035	0.00022
3	66918508	A	C	7e-05	-0.25434	0.73171	0.73
3	66918843	T	G	7e-05	-0.25535	0.73154	0.73
3	66919243	A	C	4e-05	-0.84231	0.92936	0.36
3	66919273	G	A	7e-05	-0.25038	0.73198	0.73
3	66919330	T	C	1e-05	-1.27998	1.96521	0.51
3	66919377	C	T	0.55677	-0.03724	0.01036	0.00033
3	66919578	A	G	1e-05	-0.95361	1.92208	0.62
3	66920266	G	C	1e-05	-0.94505	1.92211	0.62
3	66920388	T	C	0.10519	0.03147	0.0168	0.061
3	66920662	A	G	0.00011	0.44477	0.62458	0.48
3	66920677	C	G	1e-05	-0.49044	2.40713	0.84
3	66921142	A	G	0.81366	-0.01825	0.01328	0.17
3	66921272	T	C	9e-05	-0.74517	0.59759	0.21
3	66921283	C	T	0.00238	0.05154	0.11052	0.64
3	66921311	G	T	7e-05	-0.2576	0.73151	0.72
3	66921422	A	G	7e-05	-0.34266	0.70481	0.63
3	66921524	A	G	1e-05	-1.33965	1.75092	0.44
3	66921594	T	C	6e-05	-0.07317	0.84352	0.93
3	66921601	A	C	4e-05	-0.88447	0.92802	0.34
3	66921621	T	C	0.00011	-0.25545	0.52893	0.63
3	66921788	A	G	0.15112	0.02821	0.01445	0.051
3	66922018	T	C	7e-05	-0.25818	0.73257	0.72
3	66922137	C	A	1e-05	-1.02694	2.23031	0.65
3	66922310	T	C	4e-05	-0.84611	0.93114	0.36
3	66922478	C	G	0.00021	0.30582	0.37261	0.41
3	66922730	T	C	7e-05	-0.26742	0.73108	0.71
3	66922916	C	T	0.08096	0.03436	0.01895	0.07
3	66923036	T	C	7e-05	-0.25534	0.72093	0.72
3	66923094	T	C	4e-05	0.59633	1.0104	0.56
3	66923346	C	G	0.10796	0.02539	0.01669	0.13
3	66923631	G	C	7e-05	-0.25345	0.73126	0.73
3	66923722	C	T	7e-05	-0.25891	0.73011	0.72
3	66923751	A	G	6e-05	-0.08719	0.71442	0.9
3	66923817	G	T	4e-05	-0.84382	0.93124	0.36
3	66923902	C	T	0.00011	-0.34151	0.52951	0.52
3	66924036	T	A	3e-05	0.72218	1.18983	0.54
3	66924079	C	A	0.60003	-0.03429	0.01052	0.0011
3	66924135	G	A	8e-05	-0.15657	0.58959	0.79
3	66924151	G	C	4e-05	-0.83916	0.92942	0.37
3	66924209	C	G	0.10527	0.03113	0.0168	0.064
3	66924260	C	T	4e-05	-0.84035	0.92941	0.37
3	66924272	C	G	0.00022	0.28908	0.3611	0.42
3	66924463	A	C	3e-05	-1.06024	1.33235	0.43
3	66924646	A	C	1e-05	-0.99987	2.22788	0.65
3	66925573	T	A	0.59964	-0.03369	0.01052	0.0014
3	66925694	T	A	4e-05	-0.84278	0.9311	0.37
3	66925735	A	G	3e-05	-1.76383	1.66306	0.29
3	66925845	C	T	3e-05	0.72969	1.18903	0.54
3	66925846	A	G	0.00042	-0.24609	0.25786	0.34
3	66925883	A	G	0.00043	-0.25505	0.25704	0.32
3	66925890	A	C	0.01486	-0.06131	0.04506	0.17
3	66926233	A	C	0.00064	0.13295	0.25011	0.6
3	66926279	C	T	0.05523	0.00859	0.02257	0.7
3	66926369	C	A	0.21357	0.03222	0.01261	0.011
3	66926448	T	A	3e-05	0.74209	1.18773	0.53
3	66926542	C	G	0.60022	-0.03413	0.01052	0.0012
3	66926629	T	G	0.00042	0.21567	0.26707	0.42
3	66926631	T	C	1e-05	-1.16984	2.35005	0.62
3	66926658	T	C	2e-05	2.09198	1.68431	0.21
3	66926692	G	A	0.10569	0.03181	0.01678	0.058
3	66926737	G	A	2e-05	1.40782	1.89833	0.46
3	66926788	A	C	0.00043	-0.24465	0.25781	0.34
3	66926906	C	A	1e-05	-1.73946	2.06471	0.4
3	66927079	C	G	0.00083	-0.03039	0.18701	0.87
3	66927142	A	C	3e-05	1.56101	1.17276	0.18
3	66927201	A	C	2e-05	0.08001	1.7179	0.96
3	66927443	A	C	2e-05	-1.53575	1.84721	0.41
3	66927504	T	C	0.00393	0.12536	0.0898	0.16
3	66927531	T	A	0.61684	-0.01629	0.01064	0.13
3	66927611	C	A	4e-05	-0.8449	0.93115	0.36
3	66927842	T	C	3e-05	1.87755	1.22189	0.12
3	66927907	T	G	0.03944	0.01225	0.02714	0.65
3	66927926	G	C	6e-05	-0.15498	0.71293	0.83
3	66927981	T	C	4e-05	1.19999	1.38549	0.39
3	66928090	C	A	1e-05	-1.77819	2.05715	0.39
3	66928196	T	G	0.00042	0.2218	0.26687	0.41
3	66928336	A	G	0.00404	0.01215	0.08605	0.89
3	66928419	A	G	1e-05	-0.4359	2.51487	0.86
3	66928450	C	T	1e-05	-0.90238	1.61083	0.58
3	66928557	A	G	0.03509	-0.01731	0.02876	0.55
3	66928707	C	T	1e-05	-0.43596	2.51581	0.86
3	66928743	T	C	0.00032	-0.21556	0.29574	0.47
3	66928844	C	A	0.19269	0.00859	0.01309	0.51
3	66928959	C	G	3e-05	1.60105	1.18266	0.18
3	66928966	C	T	4e-05	-0.86085	0.92664	0.35
3	66929099	G	T	0.51282	-0.02694	0.01033	0.0091
3	66929125	T	C	0.00016	0.46934	0.43082	0.28
3	66929752	C	T	0.51131	-0.02463	0.01032	0.017
3	66929759	C	T	2e-05	1.45004	1.41662	0.31
3	66929809	G	A	3e-05	0.05672	1.56937	0.97
3	66929866	C	T	3e-05	0.73998	1.18533	0.53
3	66930149	A	G	0.81437	-0.01855	0.0133	0.16
3	66930199	C	T	0.00272	-0.05815	0.10245	0.57
3	66930228	C	A	0.3034	0.01686	0.01125	0.13
3	66930324	T	C	9e-05	-0.21425	0.58162	0.71
3	66930444	A	G	0.00042	0.22278	0.26785	0.41
3	66930496	G	T	0.00042	0.22208	0.26796	0.41
3	66930746	G	C	9e-05	0.54086	0.77148	0.48
3	66931046	G	A	0.19299	0.00704	0.01307	0.59
3	66931306	C	T	1e-05	-0.31953	2.56671	0.9
3	66931348	G	A	0.81607	-0.01831	0.01334	0.17
3	66931371	G	A	0.09092	-0.02028	0.018	0.26
3	66931388	G	A	0.51043	-0.02509	0.01032	0.015
3	66931428	T	A	0.30358	0.01635	0.01125	0.15
3	66932433	C	T	0.06278	0.00236	0.0215	0.91
3	66932624	A	G	1e-05	-0.31768	2.57454	0.9
3	66932649	A	G	0.19315	0.00748	0.01307	0.57
3	66932842	G	C	0.19288	0.00772	0.01308	0.55
3	66933428	C	A	1e-05	-0.31638	2.57908	0.9
3	66933458	G	A	8e-05	0.28308	0.59354	0.63
3	66933623	A	G	0.01816	0.0276	0.0385	0.47
3	66933632	C	T	0.11241	0.02388	0.01639	0.15
3	66933762	A	G	2e-05	-0.83734	1.33674	0.53
3	66933870	T	C	0.0002	-0.17921	0.38268	0.64
3	66934013	T	C	0.19262	0.00776	0.01308	0.55
3	66934407	A	G	4e-05	-0.91894	0.91599	0.32
3	66934734	C	T	0.0001	-0.97584	0.55915	0.081
3	66934828	G	C	0.00021	-0.26128	0.37978	0.49
3	66934943	A	G	2e-05	0.11868	1.33549	0.93
3	66935219	A	G	2e-05	0.12087	1.3355	0.93
3	66935446	G	A	0.00021	-0.17275	0.37523	0.65
3	66935454	C	T	0.19308	0.00788	0.01308	0.55
3	66935687	C	T	9e-05	-0.19224	0.58253	0.74
3	66935814	A	T	0.00453	0.00531	0.08147	0.95
3	66935986	T	C	4e-05	0.53578	1.36018	0.69
3	66935987	G	A	0.81665	-0.01775	0.01336	0.18
3	66936029	G	A	1e-05	0.93437	2.07327	0.65
3	66936036	C	A	4e-05	-0.9248	0.91911	0.31
3	66936085	G	C	0.00914	-0.02587	0.05579	0.64
3	66936221	T	C	4e-05	-0.92345	0.9191	0.32
3	66936263	T	C	9e-05	-0.19202	0.5826	0.74
3	66936297	G	A	3e-05	-0.51398	1.91806	0.79
3	66937070	T	G	0.81417	-0.01864	0.01329	0.16
3	66937185	C	T	0.00016	-0.33248	0.43072	0.44
3	66937219	C	T	0.8159	-0.01739	0.01333	0.19
3	66937226	C	T	9e-05	-0.20517	0.57709	0.72
3	66937357	G	A	3e-05	1.24124	1.01889	0.22
3	66937529	T	G	0.81552	-0.01756	0.01333	0.19
3	66937532	G	A	0.70294	-0.02431	0.01128	0.031
3	66937620	G	T	0.00159	-0.05028	0.13057	0.7
3	66937708	G	T	0.01817	-0.05284	0.03996	0.19
3	66937717	C	T	4e-05	-0.85332	0.90201	0.34
3	66937844	G	A	1e-05	-1.06455	2.28609	0.64
3	66937860	C	T	0.00649	0.01087	0.06708	0.87
3	66937882	C	T	0.00017	-0.12168	0.41723	0.77
3	66938480	A	G	0.70214	-0.0243	0.01127	0.031
3	66938704	T	A	0.19149	0.0073	0.01311	0.58
3	66938790	C	T	0.00019	-0.17609	0.38684	0.65
3	66938916	A	G	0.19144	0.00721	0.01311	0.58
3	66939043	T	C	2e-05	2.53972	1.33003	0.056
3	66939113	T	C	0.00012	-0.20268	0.50233	0.69
3	66939243	A	T	0.4721	-0.02518	0.01036	0.015
3	66939284	T	C	0.10144	0.03341	0.01709	0.051
3	66939304	C	T	1e-05	-1.18793	2.85829	0.68
3	66939416	T	C	2e-05	-1.3015	1.51628	0.39
3	66939435	T	C	0.51062	-0.02492	0.01032	0.016
3	66939534	T	C	0.19149	0.00731	0.01311	0.58
3	66939806	G	C	2e-05	-1.28934	1.53832	0.4
3	66939955	A	G	0.0001	-0.79109	0.62119	0.2
3	66939997	A	G	2e-05	-1.28131	1.56176	0.41
3	66940201	G	C	7e-05	0.69646	0.69489	0.32
3	66940234	T	A	0.02533	0.06737	0.03307	0.042
3	66940242	T	C	0.05815	0.01097	0.02193	0.62
3	66940414	C	T	0.19165	0.00701	0.01311	0.59
3	66940463	A	T	0.5056	-0.02422	0.01032	0.019
3	66940713	T	C	0.03385	-0.03864	0.02814	0.17
3	66940723	C	T	0.05497	0.00815	0.02256	0.72
3	66940813	T	A	7e-05	0.73957	0.71468	0.3
3	66940939	C	T	4e-05	-0.82833	0.90246	0.36
3	66941026	G	A	2e-05	0.00379	1.40371	1.0
3	66941400	C	G	1e-05	2.27454	3.78843	0.55
3	66941661	C	T	2e-05	-1.19477	2.02274	0.55
3	66941692	C	G	0.76078	-0.02491	0.01208	0.039
3	66941696	A	G	0.00013	-0.3855	0.61568	0.53
3	66942139	T	C	0.01918	0.02361	0.03856	0.54
3	66942215	T	C	1e-05	0.80748	1.77621	0.65
3	66942463	T	C	0.00011	-0.20883	0.50714	0.68
3	66942652	T	G	3e-05	1.25329	1.0222	0.22
3	66942668	T	C	0.51078	-0.02449	0.01031	0.018
3	66942769	C	A	3e-05	0.81865	1.19302	0.49
3	66942979	C	T	0.51082	-0.02449	0.01031	0.018
3	66943219	C	T	7e-05	0.38203	0.84499	0.65
3	66943252	A	G	0.00019	-0.17158	0.38785	0.66
3	66943259	G	C	7e-05	0.73071	0.71256	0.31
3	66943263	C	T	2e-05	1.5535	1.31862	0.24
3	66943415	T	C	2e-05	0.35152	1.67992	0.83
3	66943430	A	G	0.51086	-0.02456	0.01031	0.017
3	66943462	A	G	0.7608	-0.02498	0.01208	0.039
3	66943587	A	G	6e-05	-0.17561	0.70929	0.8
3	66943615	C	T	0.51082	-0.02446	0.01031	0.018
3	66943719	G	A	2e-05	0.00391	1.40365	1.0
3	66943747	T	C	0.00042	-0.19021	0.27763	0.49
3	66943777	A	G	0.76042	-0.0248	0.01208	0.04
3	66943789	A	G	0.05803	0.01305	0.02198	0.55
3	66943855	G	C	0.00033	-0.10821	0.33097	0.74
3	66943860	T	C	0.0721	0.01517	0.02	0.45
3	66944012	T	C	9e-05	-0.1844	0.58278	0.75
3	66944035	A	T	0.00017	-0.14294	0.40386	0.72
3	66944070	A	G	2e-05	-1.08485	1.62157	0.5
3	66944098	T	C	1e-05	-0.32976	2.63513	0.9
3	66944174	T	G	0.00041	0.20539	0.26949	0.45
3	66944204	A	C	2e-05	-1.12968	1.62601	0.49
3	66944530	A	C	9e-05	-0.43591	0.66649	0.51
3	66944556	C	T	1e-05	-0.63276	2.60508	0.81
3	66944591	T	C	0.00144	0.02339	0.1553	0.88
3	66944592	A	G	0.00029	-0.20347	0.32227	0.53
3	66944637	C	G	4e-05	-0.82032	0.90242	0.36
3	66944683	A	T	0.00017	-0.14306	0.40355	0.72
3	66944687	C	A	1e-05	2.27121	3.84543	0.55
3	66945041	T	C	0.81201	-0.02119	0.01322	0.11
3	66945166	T	G	2e-05	-1.15029	1.62164	0.48
3	66945302	T	C	0.01125	-0.04518	0.05153	0.38
3	66945360	A	G	2e-05	0.02152	1.40029	0.99
3	66945590	G	A	0.05804	0.01291	0.02198	0.56
3	66945635	C	G	0.00017	-0.14221	0.40354	0.72
3	66945649	C	G	2e-05	0.00409	1.40364	1.0
3	66945657	G	A	0.0001	-0.99173	0.55788	0.075
3	66945689	A	C	4e-05	-0.83289	0.87318	0.34
3	66945705	A	C	6e-05	-0.52384	1.20541	0.66
3	66945944	A	C	0.00012	-0.51007	0.51132	0.32
3	66946020	T	G	1e-05	0.22037	1.64369	0.89
3	66946103	T	C	2e-05	-1.14036	1.8746	0.54
3	66946220	G	A	0.87313	-0.01841	0.01556	0.24
3	66946415	T	C	2e-05	-1.14	1.87492	0.54
3	66946431	A	G	0.76094	-0.02487	0.01208	0.04
3	66946531	T	C	0.00017	-0.1426	0.40353	0.72
3	66946537	T	C	0.05804	0.01285	0.02198	0.56
3	66946826	T	C	0.19135	0.00634	0.01311	0.63
3	66947192	G	A	0.7028	-0.0245	0.01127	0.03
3	66947283	T	C	0.00018	-0.19838	0.40112	0.62
3	66947334	C	G	0.05803	0.01277	0.02199	0.56
3	66947406	C	T	0.00762	0.03876	0.0614	0.53
3	66947447	A	T	0.05494	0.00886	0.02257	0.69
3	66947687	G	T	0.05121	0.00805	0.02337	0.73
3	66947765	G	A	0.10686	0.00197	0.01684	0.91
3	66947793	G	T	0.76093	-0.02484	0.01208	0.04
3	66947910	C	G	0.00699	0.02664	0.06527	0.68
3	66947938	T	G	0.00012	-0.07292	0.63636	0.91
3	66947974	T	C	6e-05	0.35707	0.84616	0.67
3	66948021	A	C	2e-05	-0.33959	1.52128	0.82
3	66948069	G	A	0.511	-0.02452	0.01031	0.017
3	66948070	C	T	0.00011	-0.25023	0.63566	0.69
3	66948130	T	G	9e-05	-0.18793	0.58288	0.75
3	66948195	A	G	1e-05	0.14805	1.80274	0.93
3	66948304	T	A	0.87339	-0.01873	0.01557	0.23
3	66948320	A	T	0.19193	0.00701	0.0131	0.59
3	66948323	A	G	0.05804	0.01334	0.02198	0.54
3	66948497	A	T	4e-05	-0.81699	0.9027	0.37
3	66948611	G	A	0.76136	-0.02437	0.01209	0.044
3	66948716	A	G	4e-05	-1.15172	0.89572	0.2
3	66948875	T	C	0.18875	0.00651	0.01319	0.62
3	66948908	C	T	0.76138	-0.02445	0.01209	0.043
3	66948928	A	G	0.76138	-0.02443	0.01209	0.043
3	66948972	A	G	0.76138	-0.0244	0.01209	0.044
3	66949045	T	C	2e-05	-0.0041	1.40481	1.0
3	66949098	C	T	2e-05	-0.81544	1.52575	0.59
3	66949177	T	C	0.05493	0.00886	0.02257	0.69
3	66949357	A	C	0.18858	0.00651	0.01319	0.62
3	66949428	G	A	0.76347	-0.02574	0.01213	0.034
3	66949446	C	T	0.7614	-0.02463	0.01209	0.042
3	66949505	C	T	0.70333	-0.02497	0.01128	0.027
3	66949551	C	T	0.01877	0.02808	0.03859	0.47
3	66949606	A	G	1e-05	-1.47919	2.09351	0.48
3	66949618	G	A	0.76136	-0.02478	0.01209	0.04
3	66949866	G	A	0.00017	-0.14218	0.40383	0.72
3	66949917	A	G	0.76133	-0.02456	0.01209	0.042
3	66949933	A	G	4e-05	-0.82852	0.90236	0.36
3	66950109	C	G	2e-05	-0.52122	1.33923	0.7
3	66950167	A	C	0.05804	0.01297	0.02198	0.56
3	66950169	A	G	7e-05	-0.13727	0.72624	0.85
3	66950426	T	C	3e-05	2.09682	1.20428	0.082
3	66950468	C	T	0.76136	-0.02479	0.01209	0.04
3	66950547	A	G	0.00289	-0.16503	0.10578	0.12
3	66950684	T	C	0.05803	0.01298	0.02198	0.55
3	66950693	T	C	0.70291	-0.02463	0.01127	0.029
3	66950836	A	T	0.00017	-0.19585	0.40095	0.63
3	66950930	C	T	0.70291	-0.02463	0.01127	0.029
3	66951100	T	C	2e-05	-1.08407	1.60232	0.5
3	66951330	G	A	0.50544	-0.02646	0.01032	0.01
3	66951885	T	G	0.00018	-0.19648	0.40101	0.62
3	66952031	A	G	0.01936	0.04363	0.03772	0.25
3	66952276	C	T	0.01041	-0.01052	0.05187	0.84
3	66952292	T	C	0.00046	0.20424	0.26139	0.43
3	66952343	C	T	0.02194	0.0081	0.03631	0.82
3	66952504	G	A	0.05802	0.01191	0.02199	0.59
3	66952522	A	G	3e-05	1.2352	1.16526	0.29
3	66952549	A	G	0.0547	0.01579	0.02262	0.49
3	66952550	A	G	0.70323	-0.02483	0.01128	0.028
3	66952559	G	A	9e-05	-0.16956	0.64937	0.79
3	66952593	C	T	2e-05	-0.74924	1.4255	0.6
3	66952638	T	C	2e-05	-1.13987	1.61895	0.48
3	66952641	C	T	4e-05	1.26193	1.0466	0.23
3	66952707	G	A	1e-05	0.78156	1.77348	0.66
3	66952939	C	T	0.76107	-0.02479	0.01209	0.04
3	66953011	C	A	0.00017	-0.19698	0.40102	0.62
3	66953086	T	A	0.05802	0.01189	0.02199	0.59
3	66953153	C	G	0.05798	0.01192	0.022	0.59
3	66953205	G	A	0.76108	-0.02479	0.01209	0.04
3	66953232	A	T	0.00023	-0.31678	0.35399	0.37
3	66953655	A	G	0.00016	0.36538	0.42673	0.39
3	66953820	C	G	0.10207	0.01947	0.01703	0.25
3	66954036	G	A	2e-05	-0.00068	1.40494	1.0
3	66954081	A	T	8e-05	-0.16481	0.58737	0.78
3	66954139	A	C	3e-05	0.57998	1.49959	0.7
3	66954193	T	C	0.51077	-0.02495	0.01031	0.016
3	66954392	T	C	0.00488	-0.12135	0.07644	0.11
3	66954471	T	A	4e-05	-0.8123	0.90264	0.37
3	66954619	C	A	0.00448	0.02334	0.08008	0.77
3	66954648	A	C	0.05767	0.01228	0.02211	0.58
3	66954844	A	G	0.0002	-0.40515	0.39594	0.31
3	66954851	C	T	2e-05	0.01121	1.40496	0.99
3	66954935	G	A	0.0002	0.30888	0.37756	0.41
3	66954960	T	C	0.00548	0.05931	0.07483	0.43
3	66955123	T	C	0.00847	-0.07588	0.05761	0.19
3	66955369	C	T	8e-05	-0.93557	0.84139	0.27
3	66955408	T	C	0.00017	-0.18177	0.40407	0.65
3	66955660	C	T	0.03431	-0.00507	0.02821	0.86
3	66955690	C	T	3e-05	-0.85815	1.53373	0.58
3	66955886	G	C	3e-05	-0.85986	1.53426	0.58
3	66955944	C	T	0.70339	-0.02455	0.01128	0.03
3	66955963	C	T	0.01902	-0.01541	0.03846	0.69
3	66956048	A	C	0.00017	-0.18214	0.40417	0.65
3	66956170	C	T	0.51433	-0.02448	0.01032	0.018
3	66956187	G	T	0.76125	-0.02467	0.01209	0.041
3	66956765	T	C	0.05766	0.01161	0.02211	0.6
3	66956827	G	T	1e-05	-0.03713	1.58576	0.98
3	66957081	G	A	3e-05	-0.19199	1.25532	0.88
3	66957468	C	G	0.87311	-0.01835	0.01555	0.24
3	66957479	C	T	0.04349	0.02722	0.02538	0.28
3	66957526	A	C	5e-05	-0.447	0.95568	0.64
3	66957558	G	A	0.00117	-0.09179	0.15152	0.54
3	66957647	T	C	5e-05	-0.43855	0.95549	0.65
3	66957652	G	T	2e-05	-1.12257	1.90638	0.56
3	66957754	T	A	1e-05	-0.80363	3.40418	0.81
3	66957796	C	G	0.51079	-0.02516	0.01032	0.015
3	66957803	T	C	0.00018	-0.14715	0.40141	0.71
3	66958059	T	C	3e-05	-0.17832	1.25599	0.89
3	66958130	A	G	3e-05	-0.81493	1.53261	0.59
3	66958175	G	C	0.00044	0.18669	0.25992	0.47
3	66958203	T	A	0.7612	-0.02461	0.01208	0.042
3	66958229	G	A	0.00541	-0.05822	0.07675	0.45
3	66958917	A	C	4e-05	-0.8111	0.90276	0.37
3	66958981	G	A	1e-05	-1.08252	2.50944	0.67
3	66959106	A	T	0.03842	-0.00406	0.02685	0.88
3	66959107	T	A	0.00166	0.00587	0.1427	0.97
3	66959130	C	T	0.05767	0.01211	0.02211	0.58
3	66959192	A	C	1e-05	-1.15855	2.86401	0.69
3	66959233	C	G	1e-05	-1.15855	2.86401	0.69
3	66959294	C	G	0.70314	-0.02439	0.01128	0.031
3	66959409	C	T	5e-05	-0.50756	0.93517	0.59
3	66959440	A	G	0.00035	-0.46927	0.30292	0.12
3	66959472	C	T	0.76113	-0.02444	0.01208	0.043
3	66959712	T	C	0.00712	0.01535	0.06216	0.8
3	66959977	A	G	0.00011	-0.26158	0.5518	0.64
3	66960142	A	T	0.69938	-0.02128	0.01123	0.058
3	66960347	G	A	0.758	-0.02118	0.01202	0.078
3	66960387	T	C	0.00656	-0.00918	0.06912	0.89
3	66960389	C	T	9e-05	-0.4193	0.63025	0.51
3	66960404	G	C	0.75796	-0.02114	0.01202	0.079
3	66960433	T	A	9e-05	-0.18521	0.57848	0.75
3	66960642	G	T	2e-05	-0.86176	1.19408	0.47
3	66960741	A	C	5e-05	-0.42974	0.75031	0.57
3	66960871	A	T	0.00023	-0.1895	0.35299	0.59
3	66960876	C	T	1e-05	-0.2735	2.68813	0.92
3	66960991	C	T	9e-05	-0.474	0.55937	0.4
3	66961200	T	C	0.75759	-0.02104	0.01201	0.08
3	66961209	G	A	6e-05	-0.17178	0.7133	0.81
3	66961342	T	G	0.05767	0.01193	0.02211	0.59
3	66961348	C	T	0.04056	0.03346	0.02617	0.2
3	66961432	G	T	0.05767	0.01193	0.02211	0.59
3	66961493	C	T	0.69977	-0.02127	0.01123	0.058
3	66961622	G	A	2e-05	-1.27995	2.09447	0.54
3	66961769	T	A	1e-05	-0.24525	2.68511	0.93
3	66962093	C	T	0.00023	-0.18986	0.35289	0.59
3	66962168	T	C	0.05767	0.01192	0.02211	0.59
3	66962197	G	A	0.05766	0.01134	0.02211	0.61
3	66962225	G	A	0.75785	-0.02117	0.01201	0.078
3	66962275	T	C	0.18461	0.00958	0.01328	0.47
3	66962326	A	C	0.00011	-0.27719	0.54627	0.61
3	66962394	T	C	0.70726	-0.0217	0.01134	0.056
3	66962436	G	C	0.18454	0.00947	0.01328	0.48
3	66962491	G	A	0.00012	0.08312	0.61838	0.89
3	66962666	C	T	0.69966	-0.02112	0.01123	0.06
3	66962802	A	C	0.00023	-0.18982	0.35282	0.59
3	66962838	A	T	0.00015	-0.31446	0.42492	0.46
3	66962986	T	C	5e-05	1.0865	1.08105	0.31
3	66963409	A	G	0.0001	-0.9755	0.5594	0.081
3	66963448	A	C	0.00046	0.09848	0.25395	0.7
3	66963482	T	C	0.00012	-0.17047	0.57152	0.77
3	66963494	A	G	9e-05	-0.15917	0.58476	0.79
3	66963527	A	G	0.00015	-0.19644	0.54306	0.72
3	66963567	A	G	2e-05	-1.05816	1.67446	0.53
3	66963571	A	G	0.01935	0.04442	0.03772	0.24
3	66963625	T	C	8e-05	-0.1343	0.58992	0.82
3	66963849	A	T	0.00011	-0.25616	0.5521	0.64
3	66963932	G	A	0.75794	-0.02126	0.01201	0.077
3	66964109	C	T	2e-05	-0.69427	1.54638	0.65
3	66964134	C	T	0.75781	-0.02136	0.01201	0.075
3	66964219	G	A	0.75794	-0.02126	0.01201	0.077
3	66964253	T	C	2e-05	0.4583	1.29106	0.72
3	66964254	A	G	7e-05	-1.12698	0.95787	0.24
3	66964289	T	C	0.05797	0.01286	0.02207	0.56
3	66964376	G	C	0.0207	-0.02933	0.03631	0.42
3	66964434	T	C	7e-05	-1.05789	0.77769	0.17
3	66964534	G	A	0.75794	-0.02126	0.01201	0.077
3	66964651	C	T	0.05767	0.01186	0.02211	0.59
3	66964652	A	G	2e-05	1.65295	1.31645	0.21
3	66964743	A	G	9e-05	-0.3105	0.71263	0.66
3	66964754	T	C	0.05766	0.01189	0.02211	0.59
3	66964812	A	C	0.08629	-0.02687	0.01839	0.14
3	66964902	A	G	0.51515	-0.02387	0.01031	0.021
3	66964908	A	G	0.00018	0.1864	0.43206	0.67
3	66965071	T	G	0.00011	-0.20683	0.50567	0.68
3	66965102	T	C	0.00027	0.24739	0.33918	0.47
3	66965104	G	C	0.00023	-0.18529	0.35266	0.6
3	66965130	A	T	2e-05	-1.07625	1.91069	0.57
3	66965327	A	G	0.00018	-0.2611	0.4184	0.53
3	66965439	A	G	0.00011	-0.20656	0.50565	0.68
3	66965498	C	T	3e-05	-0.25651	1.1832	0.83
3	66965624	G	C	0.87247	-0.0192	0.01552	0.22
3	66965627	C	T	0.00455	-0.0412	0.08334	0.62
3	66965718	C	A	0.00011	-0.20591	0.50562	0.68
3	66965960	G	A	0.00016	-0.34747	0.43953	0.43
3	66966079	A	G	0.69922	-0.02138	0.01122	0.057
3	66966117	T	C	8e-05	-0.14625	0.58901	0.8
3	66966152	T	C	3e-05	1.24344	1.02508	0.23
3	66966228	T	A	8e-05	0.03204	0.6212	0.96
3	66966291	A	G	0.00011	-0.20192	0.50562	0.69
3	66966345	T	C	6e-05	0.30773	0.75826	0.68
3	66966490	A	G	9e-05	-0.16434	0.5844	0.78
3	66966600	G	C	1e-05	0.0812	1.81749	0.96
3	66966811	T	C	0.00022	-0.1687	0.36188	0.64
3	66966911	A	G	0.75825	-0.02184	0.01202	0.069
3	66966937	C	T	0.75771	-0.02137	0.01201	0.075
3	66967101	T	G	8e-05	0.09449	0.63715	0.88
3	66967145	A	G	0.00011	-0.2006	0.50579	0.69
3	66967314	T	C	0.01662	0.05926	0.04156	0.15
3	66967398	T	A	3e-05	-0.25198	1.18253	0.83
3	66967402	C	A	0.05815	0.00989	0.02205	0.65
3	66967420	A	G	0.0376	-0.02099	0.02766	0.45
3	66967455	C	A	0.05776	0.01157	0.02211	0.6
3	66967499	A	G	2e-05	-0.75055	1.55168	0.63
3	66967560	T	G	0.69946	-0.02119	0.01123	0.059
3	66967574	C	G	0.00224	0.09436	0.12567	0.45
3	66967641	C	A	1e-05	-0.72009	2.47367	0.77
3	66967750	G	A	1e-05	-0.22823	2.69604	0.93
3	66967850	A	C	0.01902	0.03427	0.038	0.37
3	66967963	T	G	0.00248	-0.01902	0.12165	0.88
3	66968008	A	C	0.05789	0.01074	0.02208	0.63
3	66968035	T	C	4e-05	-0.85244	0.88983	0.34
3	66968051	C	A	9e-05	-0.15887	0.58495	0.79
3	66968063	A	G	2e-05	-1.07033	1.67402	0.52
3	66968085	T	C	0.00022	-0.16868	0.36188	0.64
3	66968709	A	T	3e-05	0.46907	1.20854	0.7
3	66968736	T	G	0.00011	-0.67975	0.59879	0.26
3	66968973	G	T	9e-05	-0.15887	0.58495	0.79
3	66969002	A	C	1e-05	-0.29231	2.69177	0.91
3	66969653	C	T	0.00025	-0.29469	0.34716	0.4
3	66969780	C	G	1e-05	-1.7935	3.3083	0.59
3	66969816	T	C	9e-05	-0.15755	0.58503	0.79
3	66969907	T	C	5e-05	0.77424	0.77	0.31
3	66969921	G	A	9e-05	-0.15755	0.58503	0.79
3	66970019	G	A	1e-05	-1.37267	2.29572	0.55
3	66970110	T	C	4e-05	-0.43637	1.1085	0.69
3	66970113	T	A	0.05777	0.0112	0.0221	0.61
3	66970160	C	T	0.76157	-0.02511	0.01209	0.038
3	66970201	G	A	0.05789	0.01084	0.02208	0.62
3	66970202	G	C	0.89064	-0.01017	0.0166	0.54
3	66970318	T	A	8e-05	-0.13589	0.5902	0.82
3	66970324	T	C	0.05771	0.01114	0.02212	0.61
3	66970506	G	T	0.05798	0.01069	0.02201	0.63
3	66970568	C	A	0.05763	0.01113	0.02212	0.61
3	66970665	A	G	0.00024	-0.29166	0.34722	0.4
3	66970730	T	C	2e-05	-1.04517	1.67605	0.53
3	66970734	G	A	0.75782	-0.02195	0.01201	0.068
3	66970752	A	C	0.05761	0.01135	0.02213	0.61
3	66970755	C	T	0.05759	0.01154	0.02213	0.6
3	66970848	A	G	3e-05	-0.34407	1.15972	0.77
3	66971221	T	C	0.00092	0.17872	0.17853	0.32
3	66971253	A	G	2e-05	-0.76818	1.55046	0.62
3	66971286	A	T	0.51279	-0.02145	0.01032	0.038
3	66971474	G	T	0.18742	0.00534	0.0132	0.69
3	66971547	T	C	4e-05	-0.82096	0.90486	0.36
3	66971733	C	A	0.05763	0.01127	0.02213	0.61
3	66971740	C	A	0.05744	0.01135	0.02219	0.61
3	66971762	A	G	0.00045	0.07412	0.26702	0.78
3	66971816	G	A	8e-05	0.12695	0.64918	0.84
3	66971922	A	G	0.00033	-0.29014	0.36411	0.43
3	66971985	A	T	0.70015	-0.02196	0.01124	0.051
3	66972068	A	G	0.51249	-0.02151	0.01032	0.037
3	66972382	A	T	0.06152	-0.00522	0.02177	0.81
3	66972844	G	A	0.51275	-0.02157	0.01032	0.037
3	66972863	A	G	3e-05	1.22911	1.02618	0.23
3	66972872	A	G	0.00024	-0.28015	0.34962	0.42
3	66972896	C	A	0.75783	-0.02154	0.01202	0.073
3	66973135	A	G	0.05467	0.00957	0.02269	0.67
3	66973150	C	T	2e-05	-1.06531	1.67384	0.52
3	66973175	G	C	0.18736	0.00551	0.0132	0.68
3	66973253	C	G	2e-05	-0.89195	1.25836	0.48
3	66973564	T	C	3e-05	-0.26423	1.18062	0.82
3	66973767	C	T	0.00695	-0.04044	0.0646	0.53
3	66973933	T	C	0.0071	0.01618	0.06457	0.8
3	66974127	C	T	0.18746	0.00538	0.0132	0.68
3	66974253	T	C	0.0007	0.20436	0.23603	0.39
3	66974297	C	T	3e-05	-1.2672	1.04736	0.23
3	66974327	C	G	0.00011	-0.20001	0.50501	0.69
3	66974533	A	G	0.24523	0.00763	0.01198	0.52
3	66974588	G	A	0.24523	0.0076	0.01198	0.53
3	66974791	T	G	0.01094	-0.01237	0.05147	0.81
3	66974937	A	G	0.00014	-0.31177	0.43918	0.48
3	66975019	C	G	0.24521	0.00752	0.01198	0.53
3	66975075	A	G	0.7577	-0.02162	0.01201	0.072
3	66975291	G	A	3e-05	-0.25899	1.18025	0.83
3	66975324	G	C	0.75776	-0.02163	0.01201	0.072
3	66975340	G	C	0.05821	0.00962	0.02205	0.66
3	66975386	A	G	4e-05	0.8846	0.94698	0.35
3	66975402	T	A	0.00015	-0.34722	0.43756	0.43
3	66975455	A	G	0.75766	-0.02173	0.01201	0.071
3	66975520	C	G	2e-05	-0.89137	1.25875	0.48
3	66975585	A	C	0.24522	0.00753	0.01198	0.53
3	66975646	C	A	3e-05	1.24543	1.02646	0.23
3	66975742	G	A	0.24532	0.0076	0.01198	0.53
3	66975770	A	T	2e-05	-0.63519	1.42714	0.66
3	66976005	C	G	0.05765	0.01133	0.02212	0.61
3	66976060	T	C	0.02025	0.06693	0.03725	0.072
3	66976096	G	A	0.24533	0.00769	0.01198	0.52
3	66976324	T	C	0.05797	0.01037	0.02209	0.64
3	66976805	C	T	0.18754	0.00542	0.0132	0.68
3	66976893	G	C	0.18726	0.00539	0.0132	0.68
3	66976999	T	A	0.00011	-0.25758	0.5515	0.64
3	66977001	G	T	8e-05	-0.14314	0.58979	0.81
3	66977004	A	G	8e-05	-0.14314	0.58979	0.81
3	66977047	T	C	0.01765	-0.01662	0.0408	0.68
3	66977127	C	T	0.00019	-0.57294	0.44786	0.2
3	66977216	T	C	0.05786	0.01056	0.0221	0.63
3	66977320	T	C	0.24538	0.00763	0.01198	0.52
3	66977440	A	C	0.05786	0.01061	0.0221	0.63
3	66978032	C	T	0.75818	-0.02121	0.01203	0.078
3	66978088	G	C	0.24576	0.00818	0.01197	0.49
3	66978228	A	G	0.05773	0.01119	0.02212	0.61
3	66978483	T	G	0.05778	0.01098	0.02211	0.62
3	66978490	A	G	0.04007	0.02408	0.027	0.37
3	66978569	C	G	3e-05	-0.26786	1.17909	0.82
3	66978595	T	G	0.18796	0.00626	0.01319	0.64
3	66978664	C	G	0.00021	-0.15826	0.36676	0.67
3	66978717	T	C	8e-05	0.65222	0.76935	0.4
3	66979138	A	G	0.75795	-0.0215	0.01202	0.074
3	66979225	G	C	1e-05	2.73214	3.89753	0.48
3	66979358	C	T	0.02706	-0.01598	0.03265	0.62
3	66979488	C	T	3e-05	-0.25754	1.1786	0.83
3	66979642	C	G	0.05776	0.01094	0.02212	0.62
3	66979735	T	G	2e-05	-0.62343	1.41739	0.66
3	66979941	A	T	0.75805	-0.02104	0.01202	0.08
3	66980177	C	T	9e-05	-0.45006	0.72668	0.54
3	66980276	T	C	0.51208	-0.02145	0.01032	0.038
3	66980312	G	T	0.0001	-0.29736	0.53456	0.58
3	66980362	C	A	4e-05	-0.82481	0.90976	0.36
3	66980399	C	T	0.0075	0.10735	0.06238	0.085
3	66980506	C	T	8e-05	0.07875	0.64807	0.9
3	66980701	C	T	3e-05	-0.27017	1.1768	0.82
3	66980712	T	C	0.05786	0.01142	0.02209	0.61
3	66980903	G	A	0.00043	0.24072	0.26634	0.37
3	66980997	A	G	0.01067	-0.00692	0.04998	0.89
3	66981082	G	A	0.51225	-0.02155	0.01032	0.037
3	66981479	T	G	4e-05	-0.85703	0.91265	0.35
3	66982355	C	A	0.01118	-0.04885	0.04888	0.32
3	66982497	T	C	0.05783	0.01163	0.02209	0.6
3	66982604	A	G	0.05784	0.01159	0.02209	0.6
3	66982754	T	C	0.05806	0.01136	0.02206	0.61
3	66982852	G	C	0.0581	0.01003	0.02205	0.65
3	66982950	C	T	0.02072	-0.03616	0.03623	0.32
3	66983070	T	C	2e-05	-0.55887	1.65794	0.74
3	66983162	G	A	0.75808	-0.02133	0.01203	0.076
3	66983175	G	C	0.0316	0.01904	0.02943	0.52
3	66983882	C	G	9e-05	-0.15617	0.58939	0.79
3	66983884	T	C	0.05778	0.01235	0.0221	0.58
3	66984033	G	T	0.70251	-0.02187	0.01129	0.053
3	66984038	G	A	2e-05	-1.04736	1.67063	0.53
3	66984087	A	T	0.76041	-0.02164	0.01208	0.073
3	66984137	G	A	0.05807	0.01042	0.02205	0.64
3	66984140	A	G	8e-05	-0.61931	0.70498	0.38
3	66984181	A	G	4e-05	1.08489	1.02306	0.29
3	66984267	C	T	6e-05	1.2482	1.01736	0.22
3	66984466	C	T	0.51072	-0.02218	0.01032	0.032
3	66984573	G	A	0.7	-0.02089	0.01124	0.063
3	66984579	A	G	0.00019	0.02603	0.5442	0.96
3	66984813	T	C	1e-05	-1.37526	2.26876	0.54
3	66985085	G	C	0.01915	0.03927	0.03783	0.3
3	66985220	A	T	0.0053	-0.00781	0.07751	0.92
3	66985928	G	T	0.05807	0.01153	0.02206	0.6
3	66985939	A	G	0.05812	0.01157	0.02205	0.6
3	66985997	G	T	0.00011	-0.28003	0.54462	0.61
3	66986209	G	A	4e-05	-0.80334	0.88445	0.36
3	66986527	T	C	0.0079	0.01562	0.05847	0.79
3	66986777	T	C	0.21977	0.01005	0.01242	0.42
3	66986873	T	C	0.0548	0.01033	0.02267	0.65
3	66986921	C	T	0.21973	0.0099	0.01242	0.43
3	66987069	A	C	4e-05	-0.93946	0.89246	0.29
3	66987145	T	G	0.78912	-0.01897	0.01262	0.13
3	66987263	A	C	0.0002	-0.11697	0.40622	0.77
3	66987323	T	G	2e-05	-1.12385	1.86729	0.55
3	66987402	G	A	2e-05	-1.057	1.85288	0.57
3	66987460	T	G	0.00015	-0.30277	0.43919	0.49
3	66987474	T	G	0.05796	0.01262	0.02208	0.57
3	66987569	A	G	3e-05	1.25938	1.02951	0.22
3	66987579	G	A	0.00019	-0.05161	0.41858	0.9
3	66987905	T	A	0.00017	-0.39372	0.4159	0.34
3	66987912	A	G	2e-05	-0.84033	1.19377	0.48
3	66987937	A	G	0.0578	0.01271	0.0221	0.57
3	66987940	T	C	3e-05	1.25894	1.02952	0.22
3	66988786	T	C	0.05834	0.01194	0.02195	0.59
3	66988934	A	G	0.00875	-0.08408	0.05725	0.14
3	66989062	A	T	3e-05	-0.27342	1.16426	0.81
3	66989264	C	G	0.00013	-0.52418	0.52426	0.32
3	66989311	A	C	2e-05	-1.10205	1.96316	0.57
3	66989320	C	G	0.00011	-0.27709	0.54415	0.61
3	66989327	G	A	4e-05	-0.80249	0.88423	0.36
3	66989368	G	T	0.05849	0.01112	0.02192	0.61
3	66989457	G	C	0.05517	0.01029	0.02254	0.65
3	66989488	C	T	0.00096	0.15963	0.17104	0.35
3	66989512	T	C	0.2196	0.0108	0.01242	0.38
3	66989782	G	A	0.05819	0.01194	0.02197	0.59
3	66990035	T	C	3e-05	-0.26802	1.16293	0.82
3	66990091	C	T	0.05881	0.0106	0.02189	0.63
3	66990123	C	A	0.05881	0.01052	0.02189	0.63
3	66990238	T	C	4e-05	-0.89557	1.05856	0.4
3	66990358	T	A	0.01958	-0.03804	0.03832	0.32
3	66990499	T	C	0.7855	-0.0147	0.01254	0.24
3	66990613	T	C	1e-05	2.23099	2.60882	0.39
3	66990729	C	G	0.7859	-0.01417	0.01254	0.26
3	66990801	C	T	0.02305	0.00403	0.03541	0.91
3	66991035	C	T	5e-05	-0.11001	0.76476	0.89
3	66991066	C	T	3e-05	-0.37309	1.23557	0.76
3	66991115	C	A	3e-05	0.4114	1.46838	0.78
3	66991127	C	T	9e-05	-0.60863	0.66408	0.36
3	66991205	A	T	9e-05	-0.08192	0.58383	0.89
3	66991292	A	G	1e-05	-0.16281	2.7054	0.95
3	66991310	A	G	3e-05	-1.6119	1.40504	0.25
3	66991328	G	A	4e-05	-0.82148	0.8987	0.36
3	66991350	G	A	1e-05	-0.16281	2.7054	0.95
3	66991451	C	A	0.72763	-0.01491	0.01156	0.2
3	66991695	T	A	0.00021	0.08199	0.38607	0.83
3	66991758	A	T	0.508	-0.01927	0.0103	0.061
3	66991893	G	A	0.00133	0.21054	0.16241	0.19
3	66991909	C	T	0.03191	0.03264	0.02919	0.26
3	66992264	A	G	0.00028	-0.12057	0.32658	0.71
3	66992305	C	A	2e-05	-0.90902	1.25698	0.47
3	66992448	A	T	0.00035	-0.072	0.29152	0.8
3	66992626	T	G	9e-05	-0.15118	0.58754	0.8
3	66992650	C	G	0.00035	-0.0702	0.29025	0.81
3	66992720	T	C	3e-05	-1.07118	1.29277	0.41
3	66992959	G	A	2e-05	-0.80396	1.51689	0.6
3	66993052	A	G	1e-05	-1.43236	2.29823	0.53
3	66993073	A	T	0.78668	-0.01509	0.01256	0.23
3	66993156	T	A	0.05835	0.01078	0.02197	0.62
3	66993325	C	T	0.79199	-0.02004	0.01269	0.11
3	66993444	A	C	0.26036	-0.00571	0.01179	0.63
3	66993630	C	T	0.22341	0.0101	0.01236	0.41
3	66993674	T	C	0.10817	0.03176	0.01663	0.056
3	66993821	T	G	5e-05	0.62223	0.8756	0.48
3	66994117	G	T	0.50778	-0.02216	0.01031	0.032
3	66994178	C	T	0.05837	0.00996	0.02198	0.65
3	66994209	A	G	9e-05	-0.09179	0.58161	0.87
3	66994648	G	A	0.05837	0.00987	0.02198	0.65
3	66994674	C	T	0.00015	-0.30553	0.4317	0.48
3	66994687	A	C	0.02168	-0.03662	0.03546	0.3
3	66994711	T	C	0.00298	-0.06666	0.09755	0.49
3	66994955	C	T	0.00014	0.08648	0.48855	0.86
3	66994956	A	G	9e-05	-0.18083	0.58266	0.76
3	66995015	C	T	0.05841	0.01095	0.02197	0.62
3	66995071	G	A	0.05839	0.01153	0.02197	0.6
3	66995123	G	C	0.05839	0.01154	0.02197	0.6
3	66995126	A	G	0.50247	-0.02162	0.01031	0.036
3	66995245	T	C	0.05842	0.01114	0.02197	0.61
3	66995346	C	T	0.02218	-0.04127	0.03582	0.25
3	66995353	A	G	5e-05	0.27092	0.90808	0.77
3	66995379	G	A	7e-05	0.16407	0.67367	0.81
3	66995412	A	T	0.05842	0.01118	0.02197	0.61
3	66995643	T	C	0.78853	-0.02107	0.01262	0.095
3	66995822	C	A	0.00011	-0.27467	0.54999	0.62
3	66995885	G	A	0.22353	0.01087	0.01236	0.38
3	66995936	G	C	0.00011	-0.25481	0.55583	0.65
3	66995974	C	T	2e-05	-1.49815	1.76688	0.4
3	66995981	G	C	0.21945	0.01096	0.01243	0.38
3	66996179	G	A	0.7847	-0.01756	0.01253	0.16
3	66996237	C	T	2e-05	-1.04117	1.6777	0.53
3	66996274	T	G	7e-05	0.15898	0.65817	0.81
3	66996884	G	C	3e-05	1.27298	1.03676	0.22
3	66997091	C	T	0.50291	-0.02176	0.01031	0.035
3	66997431	C	T	0.00309	-0.03093	0.09389	0.74
3	66997503	A	G	0.00017	-0.34422	0.42478	0.42
3	66997752	G	C	0.00017	-0.34391	0.4248	0.42
3	66997858	T	C	3e-05	0.18544	1.77338	0.92
3	66998018	C	T	0.00011	-0.2571	0.55649	0.64
3	66998144	C	T	0.00011	-0.25675	0.55682	0.64
3	66998210	G	A	0.78822	-0.02006	0.01261	0.11
3	66998357	C	T	2e-05	-1.03814	1.68387	0.54
3	66998646	G	C	0.78777	-0.02075	0.0126	0.1
3	66998676	T	C	9e-05	-0.15477	0.59096	0.79
3	66998698	C	T	0.78943	-0.01938	0.01263	0.13
3	66998756	T	G	2e-05	-1.02853	1.67653	0.54
3	66999287	T	C	0.00011	-0.252	0.55713	0.65
3	66999308	A	T	4e-05	-0.88543	0.90628	0.33
3	66999529	G	T	0.00313	0.11031	0.09511	0.25
3	66999861	C	T	0.78757	-0.02038	0.0126	0.11
3	66999862	A	T	0.00011	-0.25119	0.55731	0.65
