CHR	POS	EA	NEA	EAF	BETA	SE	P
3	66850072	T	C	0.00022	0.09179	0.22215	0.67946
3	66850142	C	T	0.00015	0.1683	0.25881	0.5155
3	66850195	G	C	0.46705	0.00834	0.00579	0.14947
3	66850472	G	T	0.00026	-0.32628	0.19891	0.10093
3	66850596	G	A	0.00018	-0.13418	0.326	0.68062
3	66850677	A	T	0.17516	-0.02212	0.00759	0.0035388
3	66850707	C	T	0.17517	-0.02217	0.00759	0.0034649
3	66850779	C	T	0.0596	0.028	0.01218	0.021554
3	66850852	A	G	0.02819	-0.03159	0.01774	0.074938
3	66851078	C	T	0.00019	-0.07664	0.2341	0.74338
3	66851262	A	T	0.40603	0.00227	0.00588	0.69968
3	66851326	A	G	0.46581	0.00823	0.00579	0.15517
3	66851674	G	C	0.07036	0.01163	0.01132	0.30407
3	66851702	T	C	0.06835	0.01017	0.01147	0.37555
3	66852010	A	G	5e-05	-0.33962	0.41616	0.41446
3	66852048	A	C	0.40639	0.00202	0.00588	0.73081
3	66852216	T	C	0.00258	0.06174	0.05876	0.29343
3	66852327	A	C	0.40522	0.00218	0.00588	0.71145
3	66852336	C	T	0.47021	0.00827	0.00578	0.1527
3	66852373	A	C	0.03141	0.02727	0.01678	0.10403
3	66852402	C	T	0.00026	-0.03768	0.19952	0.85022
3	66852683	A	G	0.40503	0.00218	0.00588	0.71062
3	66852695	C	G	0.47186	0.00786	0.00579	0.17431
3	66852806	T	G	7e-05	0.34659	0.36035	0.33614
3	66852821	A	G	9e-05	0.68826	0.3176	0.030232
3	66852901	C	T	0.23895	-0.0104	0.00675	0.12381
3	66852927	T	C	0.46864	0.00787	0.00578	0.17344
3	66852993	T	C	0.4699	0.00773	0.00578	0.18163
3	66853034	A	G	0.00016	-0.11663	0.2653	0.66021
3	66853084	C	T	0.47392	0.00742	0.00579	0.19991
3	66853113	G	A	2e-05	-1.62962	0.91192	0.073933
3	66853153	C	T	0.00013	-0.90845	0.37957	0.016694
3	66853257	A	G	0.0001	0.63576	0.30774	0.038837
3	66853311	A	G	0.46968	0.00699	0.00578	0.22689
3	66853569	G	T	5e-05	-0.03086	0.4389	0.94394
3	66853608	T	C	0.36231	-0.00136	0.00601	0.82167
3	66853625	G	C	0.00033	-0.21624	0.16386	0.18695
3	66853890	G	A	0.17259	-0.02313	0.00764	0.0024317
3	66853898	T	C	0.00785	-0.02641	0.03441	0.44276
3	66853951	A	G	0.00021	-0.13808	0.20316	0.49672
3	66854011	T	C	0.00031	0.25496	0.16747	0.12791
3	66854042	C	T	0.00021	-0.13776	0.20356	0.49855
3	66854137	A	T	5e-05	-0.33536	0.41629	0.42048
3	66854169	A	G	0.0021	0.05562	0.06576	0.39768
3	66854263	C	T	0.46399	0.00839	0.00578	0.14664
3	66854332	A	G	0.46401	0.00831	0.00578	0.15078
3	66854400	A	G	0.46673	0.0086	0.00578	0.13681
3	66854475	T	C	0.46429	0.00843	0.00578	0.14505
3	66854561	A	G	0.46672	0.00832	0.00575	0.14804
3	66854618	T	C	9e-05	0.11454	0.33852	0.73509
3	66854782	C	A	0.00035	0.27499	0.15934	0.084392
3	66854925	T	C	0.0001	-0.12144	0.35727	0.73391
3	66854926	A	G	9e-05	0.25897	0.34022	0.44655
3	66854930	C	G	0.0074	-0.02371	0.03502	0.49825
3	66854987	G	T	0.46441	0.00841	0.00578	0.14573
3	66855089	G	T	5e-05	-0.3256	0.41908	0.43719
3	66855237	G	A	0.18843	0.01977	0.00736	0.0072716
3	66855341	A	G	0.00034	0.20016	0.16256	0.21822
3	66855435	A	C	0.00025	-0.13959	0.1861	0.4532
3	66855697	A	G	0.00031	0.25466	0.16745	0.12831
3	66855708	T	C	0.46422	0.00839	0.00578	0.14658
3	66855752	C	G	0.0074	-0.02557	0.035	0.46492
3	66855756	A	G	0.00752	-0.07272	0.03414	0.033176
3	66855773	C	G	0.01241	-0.0247	0.027	0.36025
3	66855849	C	T	0.00107	0.04637	0.09893	0.63926
3	66855921	G	T	0.46436	0.00839	0.00578	0.1469
3	66855943	A	T	0.0002	0.08666	0.22852	0.70452
3	66856010	T	C	0.04052	0.02055	0.01462	0.15972
3	66856153	A	G	0.0002	0.12486	0.22739	0.58293
3	66856245	T	C	0.00031	0.25466	0.16745	0.12831
3	66856267	G	A	0.46442	0.00828	0.00578	0.15234
3	66856399	T	C	0.46429	0.00843	0.00578	0.14491
3	66856411	A	G	0.17342	-0.0231	0.00762	0.0024224
3	66856449	T	C	0.00021	0.06923	0.22318	0.75641
3	66856466	G	A	9e-05	-0.38823	0.35696	0.27677
3	66856492	T	C	0.46431	0.00831	0.00578	0.15056
3	66856589	A	G	0.46457	0.00827	0.00578	0.15242
3	66856595	G	A	7e-05	-0.42555	0.34192	0.21328
3	66856683	G	A	8e-05	0.12294	0.34208	0.71931
3	66856693	T	C	5e-05	-0.33334	0.4163	0.42329
3	66856905	G	C	0.46429	0.0084	0.00578	0.14644
3	66856977	T	C	2e-05	0.73908	1.10238	0.50258
3	66857194	G	A	0.46462	0.00863	0.00578	0.13556
3	66857252	T	G	0.46473	0.00855	0.00578	0.13942
3	66857342	C	G	0.00022	-0.12415	0.19867	0.53202
3	66857441	G	A	0.00021	-0.13814	0.20355	0.49737
3	66857458	C	A	0.18028	0.02737	0.00746	0.00024622
3	66857547	C	T	0.0001	-0.04221	0.31639	0.89387
3	66857616	A	C	5e-05	0.08273	0.49625	0.86759
3	66857626	A	T	0.20196	-0.01472	0.00719	0.040593
3	66857639	G	C	0.00724	-0.02399	0.03539	0.49783
3	66857663	C	G	0.16384	-0.01019	0.00782	0.19246
3	66857703	G	T	0.46506	0.00886	0.00578	0.12534
3	66857832	C	G	0.00385	-0.04078	0.05003	0.415
3	66857884	G	C	5e-05	0.8169	0.43388	0.059727
3	66857977	C	T	0.00746	-0.0708	0.03425	0.038691
3	66858050	G	A	0.2854	-0.00882	0.00638	0.16654
3	66858124	C	G	0.28613	-0.00865	0.00637	0.17467
3	66858203	A	G	0.00021	-0.13811	0.20356	0.49747
3	66858233	C	G	0.00022	-0.00571	0.20416	0.97769
3	66858259	G	A	0.28632	-0.00871	0.00637	0.17158
3	66858306	T	C	0.0057	-0.06333	0.04011	0.11432
3	66858561	A	G	0.28636	-0.00856	0.00637	0.17914
3	66858576	T	C	0.28638	-0.00858	0.00637	0.17797
3	66858777	A	G	0.00017	-0.08096	0.27821	0.77103
3	66858896	A	G	1e-05	1.67586	1.10687	0.13001
3	66858908	C	G	0.1812	0.02628	0.00745	0.00042147
3	66858921	T	C	0.28638	-0.00866	0.00637	0.1739
3	66859035	A	C	0.28524	-0.00849	0.00638	0.18317
3	66859046	T	C	0.28632	-0.00865	0.00637	0.17459
3	66859081	G	T	5e-05	0.39699	0.47536	0.40364
3	66859170	T	G	0.28626	-0.00868	0.00637	0.17309
3	66859283	A	T	0.00015	-0.1962	0.24349	0.42037
3	66859345	T	C	0.28626	-0.00881	0.00637	0.16696
3	66859417	T	C	0.0002	0.09973	0.22958	0.66399
3	66859576	A	G	1e-05	-0.07581	0.83295	0.92749
3	66859644	C	T	8e-05	-0.43289	0.33922	0.2019
3	66859772	G	T	8e-05	-0.44193	0.3392	0.19262
3	66860014	C	T	0.28655	-0.00874	0.00637	0.17027
3	66860026	T	C	0.28655	-0.00878	0.00637	0.16826
3	66860096	C	A	9e-05	-0.06946	0.31691	0.82651
3	66860131	A	G	0.14925	-0.02302	0.00814	0.0046346
3	66860178	A	G	0.28615	-0.00859	0.00637	0.17787
3	66860179	C	T	0.00812	-0.00258	0.03334	0.93827
3	66860332	G	A	0.46812	0.00905	0.00578	0.11743
3	66860401	A	G	0.28645	-0.00893	0.00637	0.16101
3	66860590	T	A	8e-05	0.12457	0.3422	0.71585
3	66860600	A	T	0.28651	-0.00883	0.00637	0.16559
3	66860943	G	C	0.03215	0.02671	0.01656	0.10688
3	66861330	T	C	0.00021	-0.09353	0.20435	0.64715
3	66861342	A	G	0.03283	0.0255	0.0164	0.12001
3	66861656	T	C	0.17234	-0.02364	0.00764	0.0019352
3	66861750	A	G	8e-05	-0.42948	0.33878	0.20489
3	66861835	C	G	0.05705	0.03407	0.01258	0.0068949
3	66861887	G	A	0.2866	-0.00909	0.00636	0.1533
3	66862072	G	T	8e-05	0.11507	0.34109	0.73584
3	66862089	A	G	0.00037	0.02295	0.15672	0.88359
3	66862109	G	A	8e-05	-0.42657	0.33897	0.20823
3	66862237	C	T	0.00898	0.00139	0.0319	0.96525
3	66862258	C	G	0.00028	-0.01129	0.17748	0.94926
3	66862308	T	A	7e-05	-0.16416	0.3754	0.66189
3	66862354	T	C	2e-05	1.02515	1.08995	0.34694
3	66862447	C	T	0.0001	-0.35818	0.36363	0.32461
3	66862479	C	A	3e-05	0.5107	0.81857	0.5327
3	66862541	C	T	0.4891	0.01229	0.0058	0.03417
3	66862549	G	C	0.00027	-0.18509	0.17964	0.30286
3	66862602	C	G	0.00896	0.00167	0.03194	0.95824
3	66862644	C	T	0.29031	-0.00897	0.00634	0.1574
3	66862718	T	C	0.2903	-0.00897	0.00634	0.15748
3	66862893	G	T	0.2903	-0.00883	0.00634	0.16384
3	66862920	C	A	0.00036	-0.0871	0.16018	0.58662
3	66863002	G	A	0.29035	-0.00909	0.00634	0.15156
3	66863065	C	G	0.29024	-0.00897	0.00634	0.15725
3	66863154	A	G	8e-05	-0.44563	0.33766	0.18692
3	66863202	G	A	0.00031	0.26369	0.167	0.11434
3	66863429	G	C	3e-05	0.66277	0.58533	0.25751
3	66863451	T	G	0.00014	-0.79245	0.32165	0.0074641
3	66863490	T	C	2e-05	-0.71386	0.65954	0.27909
3	66863586	A	G	0.00019	0.05696	0.21021	0.78642
3	66863668	G	A	0.29038	-0.00897	0.00634	0.15704
3	66863803	C	T	0.00011	0.18914	0.28799	0.51134
3	66864133	C	T	0.00031	0.26366	0.167	0.11438
3	66864153	T	G	0.17247	-0.02235	0.00763	0.0033796
3	66864289	A	G	0.07018	0.00838	0.01131	0.45881
3	66864583	A	G	0.00022	0.04191	0.19603	0.8307
3	66864594	A	G	0.00031	0.26369	0.167	0.11434
3	66864803	G	C	7e-05	0.44895	0.37008	0.22509
3	66864826	G	A	0.00021	-0.09377	0.20438	0.64637
3	66864855	T	G	0.00021	-0.0938	0.20437	0.64625
3	66864887	C	T	0.28694	-0.00858	0.00636	0.17747
3	66864932	G	A	0.2869	-0.00861	0.00636	0.17597
3	66864999	T	C	9e-05	0.79583	0.33118	0.016261
3	66865260	A	T	0.0021	0.17721	0.06287	0.0052504
3	66865875	T	C	0.28662	-0.00902	0.00636	0.15622
3	66865999	C	T	0.00028	-0.11464	0.17843	0.52054
3	66866043	G	A	0.00035	-0.06719	0.16086	0.67618
3	66866051	A	T	0.01385	-0.05495	0.02525	0.029562
3	66866384	C	G	0.00228	0.08615	0.06191	0.16406
3	66866390	C	T	0.00021	-0.0938	0.20437	0.64625
3	66866430	A	G	3e-05	0.07722	0.52381	0.8828
3	66866458	C	G	0.00021	-0.0938	0.20437	0.64625
3	66866536	A	G	0.0086	-0.00072	0.03268	0.98237
3	66866621	G	A	0.0328	0.02385	0.0164	0.14593
3	66866672	A	G	0.28576	-0.0094	0.00637	0.13978
3	66866720	T	C	0.17449	0.02886	0.00755	0.00013478
3	66866748	C	T	0.28578	-0.00943	0.00637	0.13858
3	66866811	A	T	0.28585	-0.00939	0.00637	0.14035
3	66866903	T	G	0.15605	-0.02313	0.00793	0.0035058
3	66866922	A	G	0.00016	0.05694	0.24471	0.816
3	66867033	C	T	3e-05	-0.06649	0.70757	0.92513
3	66867094	C	T	0.28634	-0.00922	0.00636	0.14727
3	66867320	T	C	4e-05	0.0573	0.52141	0.91249
3	66867321	T	A	0.17485	0.02797	0.00755	0.00021384
3	66867439	T	C	0.00021	-0.09237	0.20437	0.65128
3	66867603	G	A	0.2877	-0.00937	0.00633	0.13898
3	66867654	G	T	3e-05	0.22597	0.63983	0.72396
3	66867744	T	A	6e-05	0.77894	0.39273	0.047323
3	66867844	G	A	0.00228	0.08519	0.0619	0.16878
3	66867982	T	C	0.17695	0.02689	0.00751	0.00035172
3	66868008	T	A	0.17232	-0.02276	0.00764	0.0028501
3	66868088	A	G	0.00021	-0.09237	0.20437	0.65128
3	66868229	C	G	0.01137	0.01171	0.02827	0.6787
3	66868253	C	A	0.00153	-0.02945	0.07633	0.69964
3	66868310	T	C	0.28149	0.02653	0.0064	3.412e-05
3	66868367	T	G	0.00026	-0.28404	0.18749	0.12978
3	66868382	A	G	3e-05	0.48102	0.60957	0.43005
3	66868461	G	A	0.07021	0.00843	0.0113	0.45563
3	66868517	A	C	0.07018	0.00846	0.0113	0.45414
3	66868559	A	C	9e-05	-0.67038	0.33524	0.045535
3	66868576	A	C	8e-05	0.11495	0.34119	0.73618
3	66868609	T	C	0.28173	0.0272	0.0064	2.141e-05
3	66868754	T	C	0.00012	0.13847	0.31072	0.65587
3	66868827	T	C	0.17517	0.02814	0.00754	0.00019394
3	66868939	T	C	3e-05	0.30566	0.56656	0.58953
3	66868942	T	C	0.00012	0.16525	0.287	0.56475
3	66869219	G	A	3e-05	0.0982	0.53054	0.85316
3	66869266	T	G	3e-05	-0.50422	0.54902	0.3584
3	66869315	C	G	0.00228	0.08024	0.06182	0.19426
3	66869420	A	T	3e-05	0.07977	0.52457	0.87914
3	66869546	C	G	0.00049	-0.20714	0.15419	0.17914
3	66869582	A	G	3e-05	0.07589	0.52372	0.88478
3	66869696	T	G	0.00043	-0.13114	0.14204	0.35588
3	66869791	A	G	0.17437	0.0288	0.00756	0.00014155
3	66870031	C	G	3e-05	-0.59714	0.65352	0.36086
3	66870753	T	C	0.00029	-0.06905	0.17394	0.6914
3	66870761	G	A	0.28268	0.02783	0.00639	1.3503e-05
3	66870838	T	C	0.00034	-0.07942	0.16337	0.62685
3	66870925	G	C	7e-05	0.20445	0.34656	0.55524
3	66870974	G	A	0.00026	-0.03087	0.18486	0.86738
3	66871065	C	G	7e-05	0.14175	0.35176	0.68697
3	66871132	C	A	3e-05	0.92164	0.61055	0.13116
3	66871146	C	A	8e-05	0.11355	0.3412	0.73928
3	66871252	A	G	8e-05	-0.14684	0.33694	0.66299
3	66871257	G	A	0.00026	-0.04308	0.18582	0.81667
3	66871390	A	C	7e-05	0.13911	0.35177	0.69251
3	66871466	A	G	7e-05	0.14175	0.35176	0.68697
3	66871517	G	A	4e-05	-0.45218	0.68486	0.5091
3	66871531	G	A	0.00028	-0.11424	0.17849	0.52216
3	66871564	T	C	0.00148	-0.01959	0.0777	0.80095
3	66871583	A	C	0.00043	-0.12721	0.1412	0.36765
3	66871612	A	G	0.00228	-0.07777	0.06227	0.21172
3	66871882	C	T	3e-05	0.07589	0.52372	0.88478
3	66871966	A	G	3e-05	0.07589	0.52372	0.88478
3	66871998	A	C	7e-05	0.13911	0.35177	0.69251
3	66872055	A	T	7e-05	0.14175	0.35176	0.68697
3	66872070	A	G	3e-05	0.07977	0.52457	0.87914
3	66872085	C	T	3e-05	0.07977	0.52457	0.87914
3	66872326	C	G	0.03273	0.0244	0.01641	0.13713
3	66872351	G	C	0.00591	0.00411	0.04055	0.91923
3	66872387	C	T	4e-05	0.02572	0.52096	0.96063
3	66872495	T	G	0.00239	-0.06094	0.06097	0.31754
3	66872618	T	C	4e-05	0.2516	0.51505	0.62521
3	66872772	A	G	4e-05	0.06761	0.52124	0.89679
3	66872877	T	G	0.01159	0.05515	0.02845	0.052521
3	66873145	G	A	0.00077	-0.07388	0.10618	0.48652
3	66873213	A	G	0.07142	0.00879	0.01122	0.43349
3	66873223	A	T	0.00048	-0.10747	0.13447	0.42417
3	66873257	C	T	0.07152	0.00867	0.01122	0.4399
3	66873269	G	A	0.01808	0.02362	0.02172	0.2768
3	66873280	A	T	2e-05	0.99038	0.72841	0.17394
3	66873643	T	C	3e-05	0.28884	0.56382	0.60845
3	66873708	A	G	7e-05	-0.11946	0.379	0.7526
3	66873917	T	C	5e-05	0.14562	0.43397	0.73721
3	66874105	A	G	0.17078	-0.02321	0.00769	0.0025092
3	66874135	C	T	0.01173	0.02152	0.02772	0.43768
3	66874259	A	G	0.07047	0.00939	0.01129	0.40552
3	66874261	G	C	0.0002	-0.16002	0.20627	0.43787
3	66874475	C	T	0.01168	0.02296	0.02779	0.40883
3	66874481	C	A	0.28441	0.02647	0.00638	3.3657e-05
3	66874549	A	G	8e-05	0.35102	0.36335	0.33402
3	66874643	A	T	0.0002	-0.15399	0.20691	0.45673
3	66874786	A	C	8e-05	-0.4237	0.33835	0.21047
3	66874833	C	T	0.07171	0.00939	0.01121	0.40215
3	66874858	G	T	0.03243	0.02471	0.01648	0.13376
3	66874872	C	T	0.0002	-0.16058	0.20626	0.43625
3	66874932	G	T	0.0002	0.05461	0.22828	0.81095
3	66875162	G	A	7e-05	0.17924	0.40706	0.65971
3	66875225	C	T	0.0324	0.02456	0.01649	0.13636
3	66875468	G	A	0.03414	0.02445	0.01608	0.12834
3	66875677	T	C	0.03244	0.02439	0.01648	0.1388
3	66875695	A	G	5e-05	0.39498	0.48921	0.41944
3	66875748	C	T	0.03241	0.02472	0.01648	0.13371
3	66875754	C	T	0.03241	0.02472	0.01648	0.13371
3	66875807	C	G	0.00045	-0.16758	0.13779	0.22391
3	66875857	A	G	0.00056	0.05111	0.12431	0.681
3	66875925	G	A	0.03241	0.02481	0.01648	0.13237
3	66875998	G	A	0.00058	-0.14467	0.1358	0.28673
3	66876015	G	C	0.03241	0.02476	0.01648	0.1331
3	66876031	C	G	0.07071	0.00861	0.01128	0.44511
3	66876114	A	G	0.0325	0.00807	0.01664	0.62785
3	66876182	G	A	0.00019	-0.00602	0.21169	0.9773
3	66876394	G	A	0.00304	0.00956	0.05481	0.86161
3	66876504	T	A	8e-05	0.05806	0.32922	0.86002
3	66876582	A	G	0.00056	0.04882	0.1242	0.69426
3	66877020	G	T	0.00893	-0.03469	0.03249	0.28563
3	66877086	G	A	6e-05	0.72628	0.3722	0.051016
3	66877319	T	C	0.00024	-0.04519	0.18989	0.8119
3	66877320	G	A	0.16837	0.02531	0.00767	0.00097199
3	66877343	T	C	0.16848	0.02539	0.00766	0.00093334
3	66877367	A	T	0.01619	-0.04195	0.02327	0.071384
3	66877417	G	C	0.16871	0.0242	0.00766	0.0015907
3	66877545	T	C	0.13639	0.02274	0.00833	0.0063769
3	66877666	C	T	8e-05	0.47758	0.37004	0.19683
3	66877690	C	G	0.13696	0.02298	0.00829	0.0056408
3	66877773	A	G	0.13638	0.02327	0.00833	0.0052594
3	66877785	T	C	0.00027	0.30954	0.20623	0.13338
3	66877795	C	G	0.01617	-0.0423	0.02328	0.069189
3	66877889	C	G	2e-05	0.79989	1.09073	0.46334
3	66877904	C	G	0.00019	0.04627	0.25417	0.85554
3	66877962	A	G	4e-05	1.0441	0.47595	0.028257
3	66878082	T	G	0.0001	-0.53489	0.30183	0.07637
3	66878099	T	G	0.00035	-0.06844	0.1657	0.67956
3	66878113	A	G	0.00037	-0.05981	0.1561	0.70163
3	66878196	T	C	0.02757	0.03314	0.01783	0.063107
3	66878383	G	A	0.0324	0.02467	0.01649	0.13465
3	66878404	A	G	0.08573	-0.0251	0.01039	0.015738
3	66878420	T	C	0.0002	-0.15814	0.20599	0.44266
3	66878540	C	A	3e-05	-0.60721	0.64517	0.34662
3	66878646	C	T	0.03237	0.02506	0.0165	0.12874
3	66878775	G	C	0.00012	-0.25665	0.27525	0.35111
3	66878786	A	G	0.03242	0.02534	0.01648	0.12415
3	66878985	G	T	0.00048	-0.18386	0.13402	0.17008
3	66879115	T	C	0.24289	0.0242	0.0067	0.0003063
3	66879126	T	C	0.12741	0.02491	0.00858	0.0037167
3	66879285	T	A	0.24292	0.02419	0.0067	0.00030767
3	66879324	A	G	0.24291	0.02435	0.0067	0.00028027
3	66879398	C	T	0.20894	0.02271	0.00707	0.0013324
3	66879462	G	T	0.00037	-0.05929	0.15612	0.7041
3	66879546	A	T	0.00031	-0.06409	0.17415	0.71289
3	66879710	A	G	0.24285	0.02422	0.0067	0.00030279
3	66879713	C	A	0.01741	-0.0434	0.02271	0.056011
3	66879884	T	G	0.2478	0.02331	0.00665	0.00046361
3	66879983	C	A	0.01865	0.00067	0.02157	0.97534
3	66880001	A	G	0.07944	0.01193	0.01069	0.26417
3	66880031	C	T	8e-05	0.11061	0.34215	0.74648
3	66880047	A	T	0.03572	0.02592	0.01578	0.10046
3	66880052	C	T	0.24611	0.02338	0.00667	0.00046213
3	66880124	C	T	0.03243	0.02602	0.01647	0.11424
3	66880184	C	T	0.00011	-0.04212	0.28416	0.88215
3	66880203	A	G	3e-05	-0.49975	0.54911	0.36277
3	66880369	C	T	0.00056	0.04885	0.12409	0.69383
3	66880575	G	A	7e-05	0.3897	0.36757	0.28906
3	66880579	T	C	0.0007	-0.1185	0.11121	0.28664
3	66880807	G	T	0.00025	-0.15101	0.18574	0.41621
3	66881034	G	A	0.00016	0.12848	0.28813	0.65567
3	66881118	G	A	0.07954	0.01073	0.01068	0.31511
3	66881200	T	A	0.0002	0.08752	0.23841	0.71356
3	66881242	A	C	0.03278	0.02424	0.0164	0.13924
3	66881249	T	C	0.02871	-0.00532	0.01734	0.75879
3	66881317	C	T	1e-05	-0.76299	1.14529	0.50529
3	66881322	T	C	0.0014	0.00607	0.0821	0.9411
3	66881402	C	G	0.11267	0.01589	0.00911	0.08112
3	66881606	T	C	0.11372	0.01561	0.00907	0.085349
3	66881718	A	C	8e-05	0.4831	0.3704	0.19214
3	66881724	G	C	0.00032	0.17188	0.16426	0.29536
3	66881816	G	C	0.07953	0.01075	0.01068	0.31419
3	66881959	G	A	0.00143	0.02109	0.08135	0.79545
3	66882020	A	G	0.00037	-0.059	0.15611	0.70546
3	66882037	T	C	0.00069	-0.10254	0.12157	0.399
3	66882295	A	G	7e-05	0.03099	0.36207	0.9318
3	66882479	T	C	0.11363	0.01566	0.00907	0.084312
3	66882597	T	G	0.00038	-0.04472	0.15721	0.77608
3	66882606	G	A	0.00144	0.00967	0.081	0.90494
3	66882674	A	G	0.08047	0.012	0.01051	0.25382
3	66882744	C	A	9e-05	0.11661	0.32495	0.7197
3	66882773	G	A	0.00011	0.21015	0.28938	0.4677
3	66882799	G	A	0.11363	0.01587	0.00908	0.080429
3	66882939	C	G	0.1319	0.02434	0.00845	0.0040189
3	66883101	A	C	0.00013	-0.34853	0.25915	0.17866
3	66883500	A	G	0.0161	-0.04261	0.02332	0.067671
3	66883610	G	A	0.03266	0.0216	0.01643	0.18863
3	66883651	T	C	3e-05	0.63238	0.62434	0.31112
3	66883694	G	A	0.11398	0.01582	0.00906	0.080874
3	66883699	A	G	0.11401	0.01552	0.00906	0.086818
3	66883774	C	T	0.00155	-0.0005	0.07795	0.99486
3	66883775	A	C	7e-05	0.34608	0.35901	0.33505
3	66883777	C	T	0.00025	-0.15052	0.18574	0.41771
3	66883821	C	T	6e-05	0.45942	0.37321	0.21832
3	66883839	A	G	0.00029	-0.03795	0.17581	0.82907
3	66883848	G	A	0.00048	0.06751	0.13612	0.61992
3	66883924	C	T	0.0328	0.02405	0.01639	0.14223
3	66884109	C	T	0.07974	0.0111	0.01067	0.29816
3	66884189	G	T	0.00876	0.01316	0.03236	0.68433
3	66884231	G	A	0.00037	-0.03949	0.15613	0.80031
3	66884407	G	T	9e-05	0.71313	0.31904	0.025402
3	66884474	C	T	0.03274	0.02678	0.01637	0.10185
3	66884539	G	A	0.0001	0.25212	0.29537	0.39336
3	66884695	T	C	0.02093	-0.00268	0.02044	0.89553
3	66884859	T	C	8e-05	-0.51323	0.34442	0.13619
3	66885046	G	T	0.03271	0.02572	0.01638	0.11647
3	66885085	A	T	0.01602	-0.04109	0.02344	0.079554
3	66885104	C	T	0.07934	0.01079	0.01067	0.31192
3	66885311	A	G	0.03181	0.02689	0.0166	0.10534
3	66885351	G	A	0.0323	0.02655	0.01648	0.10717
3	66885364	G	A	0.00057	0.0665	0.12388	0.59139
3	66885584	A	T	0.00045	-0.06059	0.13718	0.65874
3	66885639	G	A	1e-05	-0.06812	0.8303	0.93461
3	66885819	A	G	0.01549	-0.04592	0.02496	0.065857
3	66885900	C	T	5e-05	0.43141	0.4516	0.33942
3	66886051	A	C	8e-05	0.45134	0.36898	0.22125
3	66886066	C	G	0.07935	0.01085	0.01067	0.30913
3	66886154	A	C	8e-05	0.09879	0.3443	0.77416
3	66886181	C	A	8e-05	0.09849	0.3443	0.77485
3	66886321	T	C	0.00034	-0.0883	0.1629	0.58779
3	66886391	C	T	0.0003	0.24238	0.1718	0.15829
3	66886550	T	C	0.00044	-0.06097	0.13901	0.66097
3	66886634	G	A	0.00027	-0.12158	0.18762	0.51695
3	66886809	G	A	0.00034	-0.08837	0.16284	0.58737
3	66887376	C	T	0.00037	-0.02136	0.15771	0.89227
3	66887429	G	A	0.07968	0.01145	0.01065	0.28232
3	66887438	G	A	0.24512	0.02563	0.00668	0.00012747
3	66887593	T	C	0.1139	0.01654	0.00905	0.067674
3	66887627	A	T	8e-05	0.09879	0.3443	0.77416
3	66887664	A	G	0.07967	0.01205	0.01065	0.25814
3	66887684	G	T	0.00013	-0.33846	0.2595	0.19214
3	66887753	C	T	0.03238	0.02598	0.01646	0.11455
3	66887787	C	T	0.00131	0.00903	0.08425	0.91461
3	66887817	A	T	0.03187	0.02697	0.01659	0.10401
3	66887818	T	A	0.07968	0.01183	0.01065	0.26684
3	66887906	G	C	0.07971	0.01182	0.01065	0.26717
3	66888079	A	G	0.00011	-0.05293	0.28241	0.85134
3	66888197	G	A	0.08003	0.01171	0.01063	0.27069
3	66888258	A	T	0.13068	0.02695	0.00851	0.0015748
3	66888263	C	T	0.00023	0.04929	0.22263	0.82478
3	66888457	T	C	0.00021	-0.08647	0.20691	0.67601
3	66888470	C	G	0.00042	-0.06089	0.14099	0.66583
3	66888602	C	G	0.00069	-0.10458	0.12133	0.3887
3	66888631	G	C	1e-05	-1.57066	1.16735	0.17847
3	66888681	A	T	0.00125	-0.01294	0.08655	0.88111
3	66888767	T	C	1e-05	-1.39152	0.8859	0.11624
3	66888768	A	G	0.00036	-0.04953	0.16025	0.75728
3	66888808	T	C	9e-05	0.71797	0.32061	0.025134
3	66888837	G	T	0.00021	-0.08566	0.20692	0.67891
3	66888949	C	T	0.00131	0.01123	0.08434	0.89408
3	66889133	G	C	1e-05	-1.45326	1.43775	0.31212
3	66889136	A	G	0.00021	-0.08879	0.20681	0.66769
3	66889164	A	G	8e-05	-0.16417	0.33552	0.62462
3	66889182	T	C	5e-05	0.65841	0.53349	0.21715
3	66889337	A	G	0.07955	0.01318	0.01066	0.21625
3	66889348	G	T	0.07964	0.01315	0.01066	0.21708
3	66889403	A	G	0.00012	0.19744	0.28072	0.48185
3	66889445	G	C	7e-05	0.40682	0.36798	0.26892
3	66889560	A	G	0.00037	-0.02255	0.15771	0.88628
3	66889723	C	T	5e-05	-0.01047	0.47685	0.98248
3	66889800	A	G	0.11327	0.01658	0.00907	0.067615
3	66889950	G	C	0.03231	0.02743	0.01647	0.095922
3	66889980	C	A	0.11416	0.01721	0.00901	0.056213
3	66890008	G	A	8e-05	-0.13149	0.33085	0.69105
3	66890026	A	C	0.00037	-0.01528	0.1571	0.92253
3	66890053	A	T	0.00155	-0.00639	0.07703	0.93387
3	66890149	T	A	0.25437	0.0267	0.00661	5.3601e-05
3	66890180	T	G	0.00037	-0.02247	0.15771	0.88668
3	66890202	A	G	0.0002	0.01916	0.21132	0.92776
3	66890230	A	G	0.00036	-0.0169	0.16405	0.91797
3	66890234	T	A	0.00037	-0.02247	0.15771	0.88668
3	66890324	C	G	0.00038	-0.00413	0.15597	0.97888
3	66890378	T	C	3e-05	0.57665	0.63701	0.36534
3	66890403	C	A	0.00483	-0.06006	0.04304	0.16283
3	66890431	C	G	0.01974	0.03402	0.02082	0.10218
3	66890435	A	G	0.0004	0.047	0.14768	0.7503
3	66890558	C	A	8e-05	0.48613	0.36696	0.18526
3	66890594	T	G	0.00037	-0.02261	0.15774	0.88602
3	66890624	A	G	0.00053	0.16138	0.13007	0.21473
3	66890640	G	A	0.00037	-0.02255	0.15771	0.88628
3	66890646	G	A	0.00037	-0.02255	0.15771	0.88628
3	66890689	T	C	0.00022	-0.06412	0.20043	0.74905
3	66890699	C	A	0.00064	0.05202	0.11855	0.6608
3	66890796	C	T	0.00037	-0.01724	0.15805	0.91313
3	66890836	C	G	0.00037	-0.02247	0.15771	0.88668
3	66890894	A	T	0.00037	-0.02253	0.15771	0.88642
3	66890923	A	G	9e-05	0.29405	0.31802	0.35516
3	66891024	T	C	0.03226	0.02626	0.01649	0.11117
3	66891057	T	C	0.00011	-0.05431	0.28237	0.84747
3	66891087	G	A	0.07968	0.01274	0.01065	0.23175
3	66891106	T	C	0.0003	0.22536	0.17248	0.19135
3	66891259	A	G	8e-05	0.46138	0.36635	0.20788
3	66891288	C	G	0.02589	-0.00219	0.01911	0.90881
3	66891334	C	T	0.00043	-0.04123	0.14011	0.76855
3	66891519	C	G	2e-05	-0.07189	0.77197	0.92581
3	66891678	T	C	0.08783	0.02351	0.01021	0.021293
3	66891728	T	C	7e-05	0.1495	0.41787	0.72051
3	66891774	T	G	0.00032	0.07496	0.16154	0.64262
3	66891910	G	C	0.07099	0.01202	0.01122	0.28402
3	66892025	T	C	0.25769	0.02663	0.00658	5.3101e-05
3	66892078	A	G	0.00014	-0.41393	0.2514	0.09966
3	66892080	C	T	0.00037	-0.02251	0.15771	0.88652
3	66892315	T	C	0.00126	-0.04748	0.08436	0.57356
3	66892454	G	A	0.00014	-0.4137	0.25151	0.099993
3	66892868	C	A	8e-05	-0.0668	0.33437	0.84165
3	66892978	C	T	3e-05	-0.57005	0.55829	0.30723
3	66893041	G	C	8e-05	0.47604	0.36724	0.19489
3	66893188	A	T	0.00365	0.02489	0.04966	0.61623
3	66893201	T	G	0.00037	-0.03868	0.1577	0.80622
3	66893275	C	T	0.08303	0.01214	0.0105	0.24768
3	66893353	A	G	4e-05	0.92124	0.49621	0.063372
3	66893421	A	G	0.00013	0.19059	0.29546	0.51888
3	66893456	T	G	6e-05	0.5709	0.40441	0.15804
3	66893466	G	T	0.00037	-0.03868	0.1577	0.80625
3	66893566	C	A	0.00042	-0.04807	0.14013	0.73155
3	66893570	A	G	1e-05	-1.55393	1.25542	0.2158
3	66893587	A	G	0.00042	-0.04761	0.15171	0.75364
3	66893664	T	C	0.00035	-0.11284	0.16101	0.48341
3	66894052	T	C	0.00019	0.14548	0.22413	0.5163
3	66894069	T	C	3e-05	-0.59461	0.92036	0.51824
3	66894073	C	T	0.00037	-0.03883	0.15771	0.80551
3	66894256	A	T	0.00037	-0.0384	0.15776	0.8077
3	66894291	C	T	0.00037	-0.03877	0.1577	0.80579
3	66894380	C	A	0.00037	-0.03872	0.15771	0.80605
3	66894517	T	C	0.00038	-0.0137	0.15662	0.93031
3	66894550	C	A	0.00037	-0.03902	0.15772	0.80458
3	66894566	A	G	0.00032	0.06985	0.16103	0.66445
3	66894618	T	C	0.00068	0.06147	0.11702	0.59935
3	66894619	A	G	0.00042	-0.1213	0.16977	0.47491
3	66894638	A	G	0.00014	0.17214	0.26973	0.52336
3	66894696	C	T	0.00014	0.22687	0.32765	0.48868
3	66894875	T	G	0.13993	0.02691	0.0083	0.0011944
3	66894924	G	A	1e-05	2.31031	1.22773	0.059866
3	66894939	G	A	0.25505	0.02647	0.00662	6.4257e-05
3	66895237	T	C	4e-05	0.02937	0.50231	0.95337
3	66895262	C	T	0.0001	0.27364	0.29895	0.36001
3	66895282	G	C	0.00076	0.01435	0.11511	0.90077
3	66895311	G	A	0.00043	0.00535	0.14297	0.97015
3	66895331	C	T	0.00045	-0.03484	0.14134	0.80528
3	66895350	C	G	0.00015	0.00651	0.24354	0.97866
3	66895416	C	T	0.14233	0.02587	0.00824	0.0017066
3	66895432	C	G	0.0003	0.23914	0.17219	0.16489
3	66895469	C	T	0.11368	0.0173	0.00909	0.056927
3	66895504	G	T	0.00037	-0.03881	0.15771	0.80562
3	66895586	T	C	0.00037	-0.03881	0.15771	0.80562
3	66895778	G	T	3e-05	0.43764	0.62443	0.48339
3	66895793	C	A	4e-05	0.31038	0.55978	0.57926
3	66895801	T	C	8e-05	0.47944	0.37138	0.19671
3	66895814	A	G	0.00037	-0.04727	0.15612	0.76206
3	66895824	A	C	2e-05	0.3902	0.60246	0.5172
3	66895902	A	T	0.03228	0.02694	0.01652	0.10296
3	66895904	T	C	0.00037	-0.03887	0.15771	0.80534
3	66895929	C	A	0.00048	0.01524	0.14656	0.91721
3	66895979	G	A	0.00037	-0.03871	0.15771	0.80612
3	66896004	T	C	2e-05	0.79587	1.13948	0.48489
3	66896261	C	G	1e-05	1.4526	0.95454	0.12806
3	66896299	G	C	0.00122	-0.00716	0.0877	0.93491
3	66896418	A	G	0.00032	0.08824	0.16023	0.58185
3	66896583	T	C	6e-05	0.58205	0.40367	0.14933
3	66897192	A	T	0.00037	-0.05597	0.15674	0.72103
3	66897281	C	G	0.00691	-0.01286	0.03578	0.71926
3	66897345	G	A	0.00037	-0.05598	0.15674	0.721
3	66897387	C	G	0.00035	-0.12536	0.16176	0.43835
3	66897518	G	A	0.03228	0.02701	0.01652	0.10211
3	66897566	T	C	0.0001	-0.48844	0.30295	0.1069
3	66897590	C	G	0.00139	0.02063	0.08201	0.80139
3	66897962	G	A	0.2567	0.02643	0.00661	6.395e-05
3	66897996	T	C	0.11281	0.01737	0.00912	0.056745
3	66898062	T	C	2e-05	0.14685	0.90458	0.87104
3	66898228	A	G	0.00139	0.02048	0.08182	0.80234
3	66898244	C	T	0.00125	0.00376	0.08617	0.96522
3	66899354	C	T	0.11285	0.01729	0.00912	0.057915
3	66899407	C	G	6e-05	0.58234	0.40367	0.14913
3	66899574	G	A	9e-05	0.7148	0.32035	0.02566
3	66899595	G	A	0.00037	-0.05637	0.15679	0.7192
3	66899601	A	G	0.00061	0.04575	0.12061	0.70444
3	66899639	A	G	0.00037	-0.05584	0.15674	0.72164
3	66899755	A	C	6e-05	0.58554	0.40367	0.14691
3	66899870	A	G	0.00037	-0.0559	0.15674	0.72136
3	66900101	A	G	0.11272	0.01637	0.00917	0.07424
3	66900164	T	A	0.00032	0.1869	0.16408	0.25466
3	66900221	G	C	0.00035	-0.03461	0.15807	0.82671
3	66900317	C	T	0.00023	-0.1384	0.21108	0.51203
3	66900351	A	G	0.00035	-0.03484	0.1581	0.82557
3	66900392	A	G	0.25505	0.02645	0.00664	6.9261e-05
3	66900556	C	T	0.00035	-0.0345	0.15807	0.82722
3	66900572	G	C	0.25456	0.02629	0.00665	7.7507e-05
3	66900588	T	C	0.00035	-0.03445	0.15807	0.82746
3	66900782	A	G	0.00146	-0.03783	0.08063	0.63896
3	66900864	T	G	0.00023	0.04962	0.20474	0.8085
3	66900890	A	G	0.01902	0.00487	0.02151	0.821
3	66900900	C	T	0.00035	-0.03456	0.15807	0.82693
3	66900905	A	G	0.00027	-0.06841	0.19754	0.72912
3	66901038	C	T	0.03231	0.0258	0.01654	0.11883
3	66901141	G	A	0.00035	-0.03474	0.15805	0.82603
3	66901274	T	C	2e-05	-0.3951	0.77368	0.60957
3	66901286	T	C	0.00033	-0.10454	0.16321	0.52182
3	66901330	C	T	0.00035	-0.03474	0.15805	0.82603
3	66901428	C	T	0.00025	-0.22027	0.18576	0.23572
3	66901534	T	C	0.00061	-0.17245	0.12233	0.15861
3	66901535	A	G	0.00015	0.21658	0.30009	0.47046
3	66901563	A	T	0.25509	0.02634	0.00664	7.43e-05
3	66901716	A	T	0.00035	-0.03485	0.15805	0.8255
3	66901749	T	C	0.01599	-0.00165	0.02332	0.9436
3	66901757	G	C	0.00035	-0.03456	0.15807	0.82693
3	66901772	A	T	0.00035	-0.03466	0.15806	0.82645
3	66901940	G	C	5e-05	0.59015	0.40652	0.14658
3	66902164	G	A	0.00035	-0.03474	0.15805	0.82603
3	66902242	A	G	2e-05	-0.03931	0.81682	0.96161
3	66902287	T	G	0.11302	0.0164	0.00916	0.073331
3	66902370	G	A	0.00035	-0.03469	0.15805	0.82627
3	66902469	A	G	0.0034	-0.01733	0.05255	0.74163
3	66902513	A	G	0.00131	-0.00996	0.08451	0.90617
3	66902624	A	T	0.03231	0.02579	0.01654	0.119
3	66902762	C	T	0.00054	0.09272	0.1314	0.48039
3	66902867	T	C	0.00035	-0.03474	0.15805	0.82603
3	66902868	A	G	0.0001	0.74129	0.31235	0.017631
3	66902879	A	C	0.0318	0.02708	0.01668	0.10444
3	66902917	T	A	4e-05	-0.36945	0.46316	0.42506
3	66902921	G	T	0.14065	0.02766	0.0083	0.000877
3	66903063	C	T	2e-05	1.22207	0.81895	0.13564
3	66903069	A	G	0.03982	-0.01808	0.01497	0.22733
3	66903107	G	A	0.00042	-0.05775	0.14082	0.68176
3	66903139	G	C	3e-05	0.32845	0.63769	0.60651
3	66903153	C	T	1e-05	1.66835	1.22865	0.17451
3	66903172	A	C	0.25445	0.02641	0.00665	7.2494e-05
3	66903234	C	T	0.00178	0.01555	0.07205	0.82917
3	66903310	T	C	7e-05	0.40294	0.3686	0.27432
3	66903366	T	A	0.2242	-0.01174	0.007	0.093676
3	66903518	G	A	0.00033	-0.10466	0.16321	0.52136
3	66903567	G	A	0.00036	-0.03555	0.15804	0.822
3	66903627	G	A	2e-05	-1.6481	1.06095	0.12032
3	66903844	T	C	0.03227	0.02552	0.01655	0.12314
3	66903989	C	G	2e-05	-0.03931	0.81682	0.96161
3	66904128	A	G	0.00035	-0.03489	0.15805	0.82528
3	66904148	A	G	0.00035	-0.03489	0.15805	0.82528
3	66904195	T	C	0.00033	-0.10472	0.16321	0.52113
3	66904338	T	C	7e-05	0.31149	0.465	0.50294
3	66904425	C	T	0.00496	-0.05623	0.04265	0.18734
3	66904453	G	T	0.00017	0.12021	0.21908	0.58322
3	66904530	T	A	0.00035	-0.03485	0.15805	0.8255
3	66904567	G	A	0.11348	0.0154	0.00915	0.092189
3	66904615	T	A	0.00055	0.00789	0.1266	0.95032
3	66904667	C	G	8e-05	0.08737	0.34422	0.79963
3	66904814	C	T	0.00036	-0.02909	0.15757	0.85351
3	66904880	A	G	0.00036	-0.03491	0.15805	0.82517
3	66904969	A	G	0.00036	-0.02848	0.15755	0.85655
3	66904984	G	A	0.00011	-0.4701	0.30161	0.11907
3	66905015	G	A	0.00036	-0.03505	0.15805	0.82448
3	66905045	C	T	6e-05	0.46997	0.3741	0.20902
3	66905118	A	G	6e-05	0.47204	0.37415	0.20708
3	66905196	A	T	0.08322	0.02458	0.01064	0.020858
3	66905590	G	A	0.0003	0.07436	0.17051	0.66277
3	66905641	T	C	0.00491	-0.05801	0.04313	0.17859
3	66905642	A	G	0.00061	-0.07825	0.12194	0.52108
3	66905687	C	T	0.00085	-0.00413	0.10127	0.96748
3	66905775	T	C	0.09	0.03772	0.01004	0.00017686
3	66905901	A	G	0.0008	-0.09041	0.10422	0.38567
3	66906087	A	C	0.95557	-0.01325	0.01554	0.39387
3	66906125	C	T	0.42725	-0.01761	0.00589	0.0027998
3	66906127	A	G	0.00072	-0.09505	0.10931	0.38454
3	66906174	A	G	0.00086	-0.0168	0.10005	0.86663
3	66906187	G	A	0.00586	0.0684	0.03804	0.072169
3	66906189	A	C	1e-05	0.46633	1.17368	0.69113
3	66906308	G	T	0.6964	-0.01985	0.00633	0.0017233
3	66906329	A	G	0.00086	-0.01958	0.09993	0.84466
3	66906389	G	T	0.00071	-0.09962	0.10995	0.36488
3	66906395	C	T	0.00072	-0.12185	0.10888	0.26311
3	66906526	T	C	9e-05	0.13904	0.32634	0.67006
3	66906642	G	T	5e-05	0.49832	0.44497	0.26275
3	66906755	G	A	0.00014	0.23259	0.2474	0.34714
3	66906775	T	C	0.11732	0.02299	0.00889	0.0098376
3	66906895	C	T	0.00072	-0.12089	0.10889	0.26688
3	66906996	C	A	0.11731	0.0234	0.00887	0.0084444
3	66907090	G	A	0.00016	0.15376	0.22466	0.49372
3	66907221	C	T	0.00125	0.16629	0.08621	0.053738
3	66907225	T	C	9e-05	0.1379	0.3267	0.67294
3	66907366	G	C	0.00066	0.07029	0.11493	0.5408
3	66907387	A	G	0.00072	-0.12111	0.10891	0.26612
3	66907421	A	G	0.00072	-0.12107	0.10891	0.2663
3	66907481	C	T	0.00049	-0.11558	0.13248	0.38296
3	66907694	T	C	0.00071	-0.13783	0.10973	0.20909
3	66907779	G	C	0.00072	-0.12111	0.10891	0.26612
3	66907820	A	G	7e-05	-0.01544	0.35696	0.96551
3	66907832	C	T	5e-05	0.22184	0.482	0.64533
3	66907870	T	C	0.11573	0.02283	0.00898	0.011008
3	66907972	A	G	0.00073	-0.11767	0.10817	0.2767
3	66908161	T	C	0.00011	0.25662	0.27679	0.35386
3	66908169	A	C	0.00072	-0.12081	0.10895	0.2675
3	66908175	T	G	0.00072	-0.12065	0.10895	0.26812
3	66908374	A	G	0.01292	-0.03062	0.02643	0.24674
3	66908418	G	T	0.00049	-0.11444	0.13257	0.38799
3	66908493	C	T	0.00072	-0.11378	0.10881	0.29569
3	66908539	T	G	0.11487	0.02289	0.00901	0.011041
3	66908562	T	A	0.11665	0.02374	0.00892	0.0078291
3	66908581	T	C	0.00015	-0.07752	0.25192	0.75831
3	66908614	A	G	0.00028	0.10968	0.1746	0.52987
3	66908676	A	G	0.04594	0.01706	0.01384	0.21761
3	66908756	T	C	0.00073	-0.11863	0.10908	0.27676
3	66908768	G	C	5e-05	0.50754	0.44369	0.25266
3	66908783	T	C	0.0008	0.15359	0.10764	0.15361
3	66908828	T	G	0.00021	-0.17227	0.19949	0.38785
3	66908840	T	C	0.00018	0.20874	0.2185	0.3394
3	66908863	T	C	0.00055	0.00223	0.12665	0.98597
3	66908959	G	A	0.00057	-0.02161	0.12228	0.85971
3	66909044	C	G	5e-05	0.43151	0.43427	0.3204
3	66909072	G	C	0.00025	-0.20571	0.18528	0.26688
3	66909131	C	G	0.00481	0.06975	0.04257	0.10129
3	66909165	C	T	5e-05	0.32561	0.42437	0.44292
3	66909224	T	C	0.00037	0.05513	0.15369	0.7198
3	66909238	T	C	0.00042	0.00352	0.14374	0.98049
3	66909261	C	G	0.00043	-0.09217	0.14464	0.52397
3	66909314	A	G	0.11045	0.02058	0.00917	0.024831
3	66909343	A	G	0.00142	0.05361	0.07845	0.49435
3	66909410	C	G	0.14536	0.02172	0.00817	0.0079519
3	66909459	T	G	0.00053	0.08899	0.12804	0.48703
3	66909604	A	C	5e-05	-0.12195	0.41197	0.76721
3	66909662	A	G	8e-05	0.59868	0.41373	0.14788
3	66909877	T	G	0.00018	0.01348	0.22046	0.95123
3	66909886	A	G	0.03196	0.01936	0.01706	0.25653
3	66910010	T	C	0.00011	0.20915	0.33107	0.52757
3	66910046	C	T	0.00021	0.01106	0.20132	0.9562
3	66910243	C	T	0.00021	0.0113	0.20132	0.95524
3	66910247	T	C	0.00119	-0.07678	0.09027	0.39504
3	66910343	A	T	0.25761	0.024	0.00657	0.00026193
3	66910360	A	G	9e-05	-0.21865	0.29675	0.46123
3	66910427	A	G	0.00053	0.08856	0.12831	0.49005
3	66910618	C	T	0.00187	0.06008	0.07201	0.40406
3	66910619	A	G	0.00115	0.00159	0.08987	0.98592
3	66910679	T	G	0.00021	0.0113	0.20132	0.95524
3	66910693	G	A	0.25792	0.02395	0.00657	0.00026974
3	66910703	A	G	0.00011	0.20761	0.27854	0.45605
3	66910745	G	T	0.00021	0.0113	0.20132	0.95524
3	66911021	A	G	0.00045	-0.20589	0.18184	0.25752
3	66911022	A	G	0.08086	0.0326	0.01051	0.0019482
3	66911033	T	C	6e-05	0.67752	0.40688	0.095878
3	66911058	A	C	0.00481	-0.05565	0.04304	0.19608
3	66911089	G	C	7e-05	0.33568	0.36523	0.35805
3	66911178	A	C	0.00021	0.0113	0.20132	0.95524
3	66911200	T	G	7e-05	0.33545	0.36519	0.35832
3	66911249	G	C	0.00011	0.18124	0.27814	0.51466
3	66911276	T	C	6e-05	0.10994	0.41554	0.79133
3	66911298	A	C	0.00041	-0.00405	0.14573	0.97781
3	66911314	A	G	0.00021	0.01062	0.20138	0.95796
3	66911319	A	G	0.00021	0.01062	0.20138	0.95796
3	66911332	A	G	0.55414	-0.02491	0.00581	1.8127e-05
3	66911336	A	G	0.00011	0.18163	0.2742	0.50772
3	66911377	T	C	7e-05	-0.12975	0.37142	0.72684
3	66911537	T	C	0.00021	0.01375	0.19982	0.94514
3	66911661	C	T	0.0001	-0.16814	0.29354	0.56678
3	66911710	C	G	0.00011	0.18205	0.27447	0.50715
3	66911734	G	A	0.00018	-0.40552	0.22553	0.072167
3	66911825	T	C	0.00013	0.54378	0.31781	0.087074
3	66911829	A	G	6e-05	-0.05801	0.39285	0.88262
3	66912064	C	T	0.00021	0.0137	0.19981	0.94533
3	66912278	A	G	0.00021	0.01054	0.19928	0.95784
3	66912330	G	T	0.00021	0.01348	0.19983	0.94621
3	66912381	G	A	4e-05	-0.02543	0.48701	0.95836
3	66912397	C	T	0.00022	-0.02615	0.19656	0.89415
3	66912592	G	A	0.06366	-0.01353	0.01212	0.26423
3	66912679	C	T	0.81333	-0.01079	0.00752	0.15139
3	66912802	G	A	0.11125	0.02124	0.00914	0.020139
3	66913025	C	T	0.00846	-0.03499	0.03256	0.28264
3	66913095	A	C	4e-05	-0.0279	0.48696	0.95431
3	66913133	A	T	0.00012	0.20738	0.2704	0.44312
3	66913143	C	A	0.00014	0.15062	0.25312	0.5518
3	66913164	C	A	0.00012	0.20738	0.2704	0.44312
3	66913168	C	T	0.00017	-0.40579	0.22555	0.071998
3	66913192	T	G	0.00021	0.0145	0.19998	0.94221
3	66913213	T	C	0.00021	0.01048	0.19985	0.95819
3	66913231	C	T	0.00021	0.01354	0.19984	0.946
3	66913239	T	C	0.00021	0.00976	0.19939	0.96095
3	66913257	G	A	0.55524	-0.02515	0.00581	1.5009e-05
3	66913349	T	C	0.0006	0.12877	0.12271	0.29401
3	66913358	A	G	0.00014	0.3117	0.25978	0.23019
3	66913413	T	A	0.55503	-0.02533	0.00581	1.2996e-05
3	66913647	T	C	0.00028	0.29409	0.19275	0.12707
3	66913651	C	T	0.00018	-0.40791	0.22545	0.070411
3	66913663	G	A	9e-05	-0.22027	0.29666	0.45778
3	66913683	A	G	0.00021	0.01465	0.1998	0.94156
3	66913723	A	G	0.00021	0.01465	0.1998	0.94156
3	66913860	A	G	0.5533	-0.02573	0.0058	9.1975e-06
3	66914034	G	A	0.00097	0.07874	0.09411	0.40276
3	66914064	G	A	0.00016	0.1907	0.22365	0.39385
3	66914102	A	T	0.55404	-0.02578	0.0058	8.8618e-06
3	66914121	T	C	0.00013	-0.03801	0.30126	0.8996
3	66914197	C	T	0.0001	0.64144	0.30434	0.035061
3	66914461	T	C	0.00021	0.01465	0.1998	0.94156
3	66914565	G	A	0.00021	0.01465	0.1998	0.94156
3	66914581	A	C	0.25569	0.02465	0.00658	0.00018206
3	66914689	C	T	0.55493	-0.02539	0.0058	1.2105e-05
3	66914698	A	C	0.00011	0.18588	0.2746	0.49847
3	66914758	C	T	0.55947	-0.02558	0.00576	8.9842e-06
3	66914830	G	T	0.00021	0.00937	0.20128	0.96287
3	66914877	A	G	0.00021	-0.00618	0.20038	0.97538
3	66914949	G	C	0.55332	-0.02571	0.0058	9.3461e-06
3	66914982	T	C	0.55471	-0.02529	0.0058	1.3149e-05
3	66915052	A	C	0.00016	0.1898	0.22365	0.39608
3	66915178	A	C	0.00012	0.25438	0.26892	0.34419
3	66915225	C	T	0.00022	0.27892	0.19728	0.1574
3	66915726	G	A	0.00078	0.01646	0.10579	0.87632
3	66915741	G	A	0.11061	0.02055	0.00916	0.024921
3	66916160	T	C	0.00043	-0.02398	0.14758	0.87091
3	66916310	T	G	0.0001	-0.12057	0.29	0.67758
3	66916668	C	T	0.00014	0.15952	0.25319	0.52866
3	66916706	A	G	0.00115	-0.0105	0.08976	0.90692
3	66916783	A	G	0.8113	-0.01039	0.00747	0.16437
3	66916897	C	A	0.00021	0.03849	0.20069	0.84792
3	66917075	A	G	0.00013	-0.50295	0.26661	0.059239
3	66917135	T	C	0.00014	0.0918	0.26149	0.72554
3	66917233	G	A	0.00012	-0.34025	0.27891	0.22248
3	66917269	A	T	0.00021	0.03849	0.20069	0.84792
3	66917401	G	C	0.00011	0.18404	0.27814	0.50818
3	66917635	T	C	0.14491	0.021	0.00819	0.01032
3	66917656	A	G	0.00072	-0.00578	0.11	0.95808
3	66917717	C	T	0.0003	0.0835	0.19856	0.67411
3	66917727	T	C	2e-05	0.95369	0.87388	0.27513
3	66917977	C	G	4e-05	-0.04595	0.48685	0.92481
3	66918011	G	A	0.81143	-0.01018	0.00748	0.17313
3	66918111	C	A	0.14493	0.01997	0.00819	0.014722
3	66918124	A	G	0.86247	-0.00779	0.00854	0.36153
3	66918197	A	G	0.00011	-0.39348	0.29279	0.17898
3	66918368	C	T	0.55314	-0.02559	0.0058	1.0323e-05
3	66918508	A	C	0.00021	0.04018	0.20087	0.84146
3	66918722	G	A	2e-05	-1.21918	0.76806	0.11244
3	66918843	T	G	0.00021	0.03963	0.20069	0.84346
3	66919243	A	C	0.00011	0.18623	0.27814	0.50313
3	66919273	G	A	0.00022	0.0706	0.19565	0.71823
3	66919330	T	C	0.00012	0.28195	0.27679	0.30838
3	66919377	C	T	0.55549	-0.02462	0.00581	2.2342e-05
3	66919544	T	C	1e-05	1.81825	1.69069	0.28217
3	66919578	A	G	9e-05	0.65193	0.3045	0.032278
3	66920266	G	C	9e-05	0.65194	0.30443	0.032231
3	66920388	T	C	0.10993	0.0191	0.0092	0.037869
3	66920662	A	G	0.00027	-0.14832	0.19984	0.45799
3	66920677	C	G	4e-05	0.09083	0.46956	0.84662
3	66921142	A	G	0.81129	-0.01048	0.00748	0.1611
3	66921272	T	C	0.0003	0.08746	0.19854	0.65955
3	66921283	C	T	0.0041	-0.01779	0.04634	0.70096
3	66921311	G	T	0.00021	0.03977	0.20078	0.84297
3	66921313	C	G	6e-05	0.68929	0.4054	0.089082
3	66921422	A	G	0.00024	-0.02834	0.18975	0.88129
3	66921524	A	G	0.0001	0.68226	0.3038	0.024721
3	66921594	T	C	5e-05	0.63877	0.45675	0.16196
3	66921601	A	C	0.00011	0.18776	0.27838	0.50001
3	66921621	T	C	0.00014	-0.41063	0.24386	0.09221
3	66921788	A	G	0.1453	0.02152	0.00816	0.0083716
3	66922018	T	C	0.00021	0.03988	0.20078	0.84257
3	66922137	C	A	5e-05	-0.12803	0.41168	0.75581
3	66922139	A	G	5e-05	-0.27069	0.47993	0.57274
3	66922310	T	C	0.00011	0.18815	0.2792	0.50039
3	66922333	A	G	7e-05	0.60317	0.37377	0.10659
3	66922478	C	G	0.00045	0.07488	0.13657	0.58348
3	66922730	T	C	0.00021	0.03801	0.20038	0.84955
3	66922916	C	T	0.08195	0.03133	0.01045	0.002765
3	66923036	T	C	0.00023	-0.08148	0.1908	0.66935
3	66923094	T	C	2e-05	0.61311	0.87715	0.48456
3	66923346	C	G	0.10298	0.01593	0.00949	0.093416
3	66923578	T	G	2e-05	0.36767	0.7614	0.62917
3	66923631	G	C	0.00021	0.03983	0.20078	0.84275
3	66923722	C	T	0.00021	0.04032	0.20079	0.84086
3	66923751	A	G	0.00012	0.14877	0.27443	0.58776
3	66923817	G	T	0.00011	0.18767	0.27838	0.50022
3	66923902	C	T	0.00017	-0.40265	0.22583	0.07459
3	66924036	T	A	0.0001	-0.12057	0.29	0.67758
3	66924079	C	A	0.59768	-0.02125	0.00589	0.00031251
3	66924135	G	A	0.00014	-0.43875	0.24595	0.074442
3	66924151	G	C	0.00011	0.2071	0.27811	0.45648
3	66924209	C	G	0.10993	0.02018	0.00921	0.028507
3	66924260	C	T	0.00011	0.2064	0.27814	0.45806
3	66924272	C	G	0.00045	0.07245	0.13623	0.59485
3	66924330	G	A	6e-05	0.75599	0.40402	0.061323
3	66924442	T	C	6e-05	0.70837	0.40843	0.082853
3	66925573	T	A	0.59742	-0.0208	0.00589	0.00041869
3	66925694	T	A	0.00012	0.22087	0.27657	0.42451
3	66925819	T	C	2e-05	0.31993	0.76189	0.67455
3	66925845	C	T	0.0001	-0.07231	0.28592	0.80035
3	66925846	A	G	0.00078	0.01296	0.10617	0.90281
3	66925883	A	G	0.00078	0.01296	0.10617	0.90282
3	66925890	A	C	0.01617	-0.0423	0.02334	0.069931
3	66926123	A	T	2e-05	0.32332	0.79426	0.68395
3	66926233	A	C	0.00119	0.10755	0.09568	0.26099
3	66926279	C	T	0.05066	0.01518	0.0131	0.2467
3	66926369	C	A	0.21333	0.01969	0.00702	0.0050467
3	66926448	T	A	0.0001	-0.07815	0.28645	0.78499
3	66926542	C	G	0.59857	-0.02053	0.0059	0.00049859
3	66926629	T	G	0.00076	-0.00053	0.10749	0.99607
3	66926631	T	C	0.0001	-0.16269	0.32994	0.62196
3	66926658	T	C	0.00015	-0.17064	0.26413	0.51825
3	66926692	G	A	0.11035	0.01912	0.0092	0.037723
3	66926737	G	A	3e-05	0.38973	0.57497	0.49789
3	66926769	G	T	1e-05	0.43626	1.29263	0.73574
3	66926788	A	C	0.00077	0.00575	0.10672	0.95701
3	66926906	C	A	3e-05	0.08721	0.6181	0.8878
3	66927079	C	G	0.00155	-0.00166	0.07568	0.98249
3	66927142	A	C	0.0001	-0.07292	0.28594	0.79872
3	66927201	A	C	0.0001	0.66866	0.30386	0.027766
3	66927210	A	T	6e-05	0.77938	0.40185	0.052442
3	66927443	A	C	0.00015	0.70792	0.32902	0.031428
3	66927504	T	C	0.00514	-0.09343	0.04169	0.025022
3	66927531	T	A	0.61194	-0.00744	0.00595	0.21109
3	66927611	C	A	0.00011	0.20494	0.27829	0.46148
3	66927842	T	C	8e-05	-0.06216	0.31774	0.84491
3	66927907	T	G	0.03799	-0.02946	0.01552	0.057665
3	66927926	G	C	0.00011	-0.40194	0.29534	0.17353
3	66927981	T	C	0.00032	-0.12159	0.24075	0.61354
3	66928090	C	A	3e-05	0.08865	0.61809	0.88595
3	66928196	T	G	0.00075	-0.01194	0.10883	0.91265
3	66928336	A	G	0.00313	-0.02238	0.05348	0.67564
3	66928419	A	G	4e-05	0.13583	0.46858	0.77191
3	66928450	C	T	1e-05	-1.67056	1.18419	0.15833
3	66928557	A	G	0.0345	-0.01478	0.01613	0.35946
3	66928707	C	T	4e-05	0.13296	0.46857	0.7766
3	66928743	T	C	0.00053	0.08506	0.12887	0.50921
3	66928844	C	A	0.19557	0.00085	0.00729	0.90759
3	66928959	C	G	0.0001	-0.07275	0.28596	0.79919
3	66928966	C	T	0.00011	0.20673	0.27811	0.45729
3	66929099	G	T	0.51168	-0.01254	0.00579	0.030384
3	66929125	T	C	0.00019	0.10061	0.23453	0.66793
3	66929752	C	T	0.5098	-0.01234	0.00579	0.033106
3	66929759	C	T	5e-05	-0.13146	0.40869	0.74772
3	66929809	G	A	9e-05	-0.0243	0.35959	0.94613
3	66929866	C	T	0.0001	-0.07275	0.28594	0.79917
3	66930149	A	G	0.81097	-0.0128	0.00745	0.085844
3	66930199	C	T	0.00369	-0.02656	0.04864	0.58498
3	66930228	C	A	0.29975	0.00533	0.00631	0.39835
3	66930324	T	C	0.00018	-0.38476	0.22264	0.083956
3	66930444	A	G	0.00076	-0.0294	0.10848	0.7864
3	66930496	G	T	0.00078	0.00654	0.10731	0.9514
3	66930746	G	C	0.00022	0.05706	0.21046	0.78631
3	66931046	G	A	0.19537	0.00077	0.00729	0.91537
3	66931288	T	C	5e-05	0.03328	0.41438	0.93598
3	66931306	C	T	4e-05	0.0086	0.48581	0.98588
3	66931348	G	A	0.81273	-0.01361	0.00748	0.068853
3	66931371	G	A	0.08996	-0.01885	0.01018	0.064034
3	66931388	G	A	0.5092	-0.01291	0.00579	0.025726
3	66931428	T	A	0.29955	0.00556	0.00631	0.37862
3	66932433	C	T	0.06503	-0.02145	0.01197	0.073259
3	66932624	A	G	4e-05	0.00252	0.48757	0.99588
3	66932649	A	G	0.19532	0.00046	0.00729	0.95023
3	66932842	G	C	0.19503	0.00015	0.00729	0.9838
3	66933428	C	A	4e-05	0.13925	0.46865	0.76637
3	66933458	G	A	1e-05	-0.39172	0.94537	0.67861
3	66933623	A	G	0.01976	0.0385	0.0212	0.069392
3	66933632	C	T	0.10646	0.01008	0.00935	0.2811
3	66933762	A	G	2e-05	-1.02606	0.79931	0.19925
3	66933870	T	C	0.00077	-0.05131	0.10697	0.63143
3	66934013	T	C	0.19478	0.00062	0.0073	0.93246
3	66934407	A	G	0.00012	0.20597	0.27418	0.45252
3	66934734	C	T	0.00035	0.08298	0.15808	0.59965
3	66934828	G	C	0.00028	0.40081	0.17709	0.023618
3	66934943	A	G	0.00027	-0.10781	0.17848	0.54583
3	66935219	A	G	0.00027	-0.10769	0.17885	0.54709
3	66935446	G	A	0.00084	0.03408	0.10189	0.73804
3	66935454	C	T	0.19601	0.00033	0.00729	0.96365
3	66935687	C	T	0.00018	-0.37109	0.22328	0.096514
3	66935690	C	T	3e-05	-0.15496	0.57458	0.7874
3	66935814	A	T	0.00432	-0.01794	0.04519	0.69148
3	66935871	A	C	4e-05	1.10866	0.5126	0.030558
3	66935986	T	C	0.00013	0.26984	0.27903	0.33352
3	66935987	G	A	0.81327	-0.0136	0.00749	0.069362
3	66936029	G	A	9e-05	0.51654	0.40759	0.20505
3	66936036	C	A	0.00012	0.20631	0.27389	0.45131
3	66936085	G	C	0.00925	0.04489	0.03137	0.15241
3	66936221	T	C	0.00012	0.2175	0.2729	0.42545
3	66936263	T	C	0.00018	-0.37099	0.22328	0.096601
3	66937070	T	G	0.81075	-0.01315	0.00745	0.077498
3	66937185	C	T	0.0001	0.68271	0.31819	0.031905
3	66937219	C	T	0.81246	-0.01458	0.00748	0.051219
3	66937226	C	T	0.00018	-0.34969	0.22046	0.1127
3	66937357	G	A	0.00019	0.29833	0.22488	0.18463
3	66937529	T	G	0.81233	-0.01365	0.00747	0.067823
3	66937532	G	A	0.7049	-0.01528	0.00636	0.016294
3	66937620	G	T	0.00191	-0.13927	0.06735	0.038653
3	66937708	G	T	0.01896	0.0002	0.02158	0.99256
3	66937717	C	T	0.00013	0.15503	0.26282	0.55528
3	66937844	G	A	6e-05	0.12145	0.36317	0.73807
3	66937860	C	T	0.00703	0.05104	0.03536	0.14882
3	66937882	C	T	0.00017	0.54431	0.22975	0.017832
3	66937958	T	C	1e-05	-0.39408	0.94557	0.67685
3	66938480	A	G	0.70354	-0.01435	0.00635	0.023886
3	66938567	G	T	4e-05	1.11249	0.51491	0.030731
3	66938704	T	A	0.19399	0.0018	0.00731	0.80528
3	66938790	C	T	0.00072	-0.04042	0.10985	0.71294
3	66938916	A	G	0.19373	0.00129	0.00731	0.85984
3	66939043	T	C	8e-05	0.47256	0.34536	0.17121
3	66939113	T	C	0.00035	0.06365	0.15825	0.68753
3	66939243	A	T	0.46456	-0.01183	0.00582	0.042109
3	66939284	T	C	0.10442	0.01902	0.00942	0.043542
3	66939304	C	T	2e-05	-1.0998	0.74403	0.13937
3	66939398	A	G	3e-05	-0.14339	0.57459	0.80293
3	66939416	T	C	0.00016	0.09331	0.23055	0.68568
3	66939435	T	C	0.50957	-0.01287	0.00579	0.026149
3	66939534	T	C	0.19401	0.00173	0.00731	0.81321
3	66939806	G	C	0.00016	0.09352	0.23056	0.68503
3	66939955	A	G	0.00025	0.13455	0.20994	0.52157
3	66939997	A	G	0.00016	0.09348	0.23054	0.68513
3	66940201	G	C	7e-05	0.13468	0.37572	0.72001
3	66940234	T	A	0.02448	0.03392	0.01871	0.069838
3	66940242	T	C	0.05396	0.01527	0.01268	0.2285
3	66940414	C	T	0.19423	0.00171	0.00731	0.81512
3	66940463	A	T	0.5043	-0.01207	0.00579	0.037115
3	66940713	T	C	0.03198	0.02579	0.01701	0.12952
3	66940723	C	T	0.05042	0.0141	0.01311	0.28208
3	66940813	T	A	7e-05	0.12968	0.37574	0.72999
3	66940939	C	T	0.00013	0.20569	0.26204	0.43248
3	66941026	G	A	0.00026	-0.13351	0.18248	0.46438
3	66941400	C	G	6e-05	0.93404	0.34149	0.0068479
3	66941558	C	T	2e-05	-0.39492	0.75572	0.60127
3	66941661	C	T	0.00011	0.4295	0.28779	0.1356
3	66941692	C	G	0.75885	-0.01116	0.0068	0.10047
3	66941696	A	G	0.00025	-0.00399	0.20571	0.98451
3	66942139	T	C	0.0202	-0.0005	0.02082	0.98087
3	66942215	T	C	6e-05	0.60074	0.40629	0.13925
3	66942463	T	C	0.00034	0.10648	0.16043	0.50686
3	66942652	T	G	0.00017	0.25921	0.23338	0.26669
3	66942668	T	C	0.50964	-0.0126	0.00579	0.029423
3	66942769	C	A	0.00024	0.27173	0.19271	0.15853
3	66942979	C	T	0.50977	-0.01239	0.00579	0.032355
3	66943219	C	T	0.00037	-0.15441	0.16348	0.34492
3	66943252	A	G	0.00072	-0.03918	0.10993	0.72151
3	66943259	G	C	7e-05	0.1279	0.37573	0.73355
3	66943263	C	T	0.00012	0.43962	0.2805	0.11705
3	66943415	T	C	8e-05	0.8608	0.36406	0.018055
3	66943430	A	G	0.50953	-0.01266	0.00579	0.028771
3	66943462	A	G	0.75872	-0.01115	0.00679	0.10096
3	66943587	A	G	0.00013	-0.24146	0.27287	0.37623
3	66943615	C	T	0.50952	-0.01272	0.00579	0.027956
3	66943662	A	T	1e-05	1.50563	0.78222	0.054251
3	66943665	T	C	1e-05	1.92366	1.30863	0.14157
3	66943719	G	A	0.00026	-0.10589	0.1817	0.56004
3	66943747	T	C	0.00099	-0.0631	0.09877	0.52292
3	66943777	A	G	0.75745	-0.01088	0.00678	0.10871
3	66943789	A	G	0.05375	0.01534	0.01271	0.2277
3	66943855	G	C	0.00083	0.10887	0.11573	0.34684
3	66943860	T	C	0.06695	0.01312	0.01157	0.25696
3	66944012	T	C	0.00018	-0.3805	0.22013	0.08389
3	66944035	A	T	0.00017	0.54454	0.23142	0.018618
3	66944070	A	G	0.00014	0.12358	0.24637	0.61596
3	66944098	T	C	3e-05	-0.73786	0.59095	0.21181
3	66944174	T	G	0.00079	-0.0289	0.10705	0.78716
3	66944204	A	C	0.00014	0.12374	0.24637	0.61548
3	66944530	A	C	0.00026	0.32494	0.20028	0.1047
3	66944556	C	T	3e-05	-0.13619	0.52437	0.79507
3	66944591	T	C	0.0021	-0.00649	0.06695	0.92274
3	66944592	A	G	0.00084	-0.04878	0.10211	0.63285
3	66944637	C	G	0.00013	0.19909	0.26252	0.44821
3	66944683	A	T	0.00017	0.53267	0.23209	0.021725
3	66944687	C	A	2e-05	1.3621	0.63624	0.032286
3	66945041	T	C	0.81022	-0.00778	0.00744	0.29548
3	66945166	T	G	0.00014	0.12361	0.24637	0.61588
3	66945269	A	G	2e-05	-0.39492	0.75572	0.60127
3	66945302	T	C	0.01103	-0.00466	0.02882	0.87163
3	66945360	A	G	0.00026	-0.10589	0.1817	0.56004
3	66945590	G	A	0.05386	0.01479	0.0127	0.24451
3	66945635	C	G	0.00017	0.5419	0.2296	0.018264
3	66945649	C	G	0.00026	-0.10584	0.18171	0.56025
3	66945657	G	A	0.00035	0.08281	0.15806	0.60035
3	66945689	A	C	0.00013	0.20862	0.26201	0.42589
3	66945705	A	C	0.00014	0.12374	0.24637	0.61548
3	66945944	A	C	0.00026	0.06696	0.20537	0.74438
3	66946020	T	G	9e-05	0.59654	0.30962	0.054023
3	66946103	T	C	0.00011	0.4296	0.28789	0.13563
3	66946220	G	A	0.86546	-0.00872	0.0086	0.31076
3	66946415	T	C	0.00011	0.42939	0.28789	0.13582
3	66946431	A	G	0.75898	-0.01097	0.0068	0.10659
3	66946531	T	C	0.00017	0.54181	0.22959	0.018281
3	66946537	T	C	0.05376	0.0151	0.01271	0.23501
3	66946826	T	C	0.1938	0.00184	0.00731	0.80125
3	66947109	G	A	1e-05	-0.34863	0.91317	0.70262
3	66947192	G	A	0.70462	-0.0143	0.00636	0.024546
3	66947283	T	C	0.00045	0.01355	0.1382	0.92193
3	66947334	C	G	0.05377	0.01517	0.01271	0.23265
3	66947406	C	T	0.00812	-0.00628	0.03381	0.85258
3	66947447	A	T	0.05032	0.0146	0.01312	0.2659
3	66947687	G	T	0.04418	0.01707	0.01399	0.22229
3	66947765	G	A	0.10225	-0.00973	0.00966	0.31394
3	66947793	G	T	0.75918	-0.01128	0.0068	0.097208
3	66947910	C	G	0.0064	0.00245	0.03741	0.94786
3	66947938	T	G	0.0002	-0.28196	0.2303	0.22084
3	66947974	T	C	3e-05	0.18962	0.86494	0.82647
3	66948021	A	C	0.00021	0.31876	0.20525	0.12042
3	66948069	G	A	0.50997	-0.01294	0.00578	0.025244
3	66948070	C	T	0.00026	-0.03167	0.20255	0.87576
3	66948130	T	G	0.00018	-0.36725	0.2224	0.098678
3	66948195	A	G	0.00011	0.02667	0.31726	0.933
3	66948304	T	A	0.8661	-0.00883	0.00862	0.30531
3	66948320	A	T	0.19445	0.00212	0.0073	0.7712
3	66948323	A	G	0.05378	0.01546	0.01272	0.22414
3	66948497	A	T	0.00012	0.24361	0.27252	0.37137
3	66948542	A	G	2e-05	-0.40269	0.7551	0.59383
3	66948611	G	A	0.75974	-0.01132	0.0068	0.096002
3	66948716	A	G	8e-05	0.389	0.38306	0.30986
3	66948875	T	C	0.19067	0.0008	0.00735	0.91371
3	66948908	C	T	0.75974	-0.01134	0.0068	0.0956
3	66948928	A	G	0.75972	-0.01129	0.0068	0.097009
3	66948972	A	G	0.75957	-0.0115	0.0068	0.090866
3	66949045	T	C	0.00027	-0.1274	0.18144	0.48259
3	66949098	C	T	0.00015	0.37371	0.24258	0.12342
3	66949164	C	T	0.00011	-0.10618	0.28129	0.70581
3	66949177	T	C	0.05028	0.01409	0.01313	0.28327
3	66949357	A	C	0.19133	0.00037	0.00734	0.95947
3	66949428	G	A	0.76307	-0.01263	0.00684	0.064726
3	66949446	C	T	0.75987	-0.01101	0.0068	0.10555
3	66949505	C	T	0.70582	-0.01383	0.00636	0.029794
3	66949551	C	T	0.02071	-0.03517	0.02035	0.083981
3	66949606	A	G	0.00011	0.17507	0.27751	0.52814
3	66949618	G	A	0.7597	-0.01132	0.0068	0.095938
3	66949866	G	A	0.00017	0.514	0.23252	0.027066
3	66949917	A	G	0.75982	-0.01087	0.0068	0.11012
3	66949933	A	G	0.00014	0.20924	0.26022	0.42134
3	66950109	C	G	0.00027	0.20121	0.18264	0.27061
3	66950167	A	C	0.05377	0.01515	0.01271	0.23344
3	66950169	A	G	0.00018	0.35783	0.23796	0.13265
3	66950426	T	C	0.00015	-0.45868	0.25425	0.07123
3	66950468	C	T	0.75969	-0.01107	0.0068	0.10348
3	66950547	A	G	0.00338	0.02905	0.05269	0.58142
3	66950684	T	C	0.05377	0.01516	0.01271	0.23299
3	66950693	T	C	0.70479	-0.01442	0.00636	0.023333
3	66950836	A	T	0.00045	-0.00913	0.13877	0.94756
3	66950930	C	T	0.70481	-0.01443	0.00636	0.023248
3	66951100	T	C	0.00014	0.11531	0.24612	0.63943
3	66951330	G	A	0.50172	-0.01457	0.00579	0.01178
3	66951885	T	G	0.00046	-0.02843	0.13709	0.83571
3	66952031	A	G	0.01685	0.02582	0.02236	0.24832
3	66952276	C	T	0.01089	-0.05437	0.02878	0.058902
3	66952292	T	C	0.00076	-0.02729	0.10898	0.80227
3	66952343	C	T	0.02033	-0.01542	0.02043	0.45023
3	66952504	G	A	0.05376	0.01515	0.01272	0.23359
3	66952522	A	G	4e-05	1.05107	0.50418	0.037096
3	66952549	A	G	0.0519	-0.01384	0.0133	0.29803
3	66952550	A	G	0.70518	-0.01419	0.00636	0.025646
3	66952559	G	A	0.00017	0.04339	0.22783	0.84897
3	66952593	C	T	0.00016	0.41065	0.23073	0.07511
3	66952638	T	C	0.00015	0.21546	0.24072	0.37075
3	66952641	C	T	0.00017	0.52579	0.23018	0.022354
3	66952707	G	A	6e-05	0.61684	0.40845	0.131
3	66952851	A	T	2e-05	-0.17557	0.79223	0.82462
3	66952939	C	T	0.75878	-0.01219	0.00679	0.072709
3	66953011	C	A	0.00044	-0.01131	0.14005	0.93561
3	66953045	T	C	1e-05	-0.17026	0.90105	0.85012
3	66953086	T	A	0.05374	0.01522	0.01272	0.23168
3	66953153	C	G	0.05375	0.01532	0.01272	0.22837
3	66953205	G	A	0.75882	-0.01221	0.00679	0.072209
3	66953232	A	T	0.00076	0.09834	0.10775	0.36143
3	66953476	C	A	2e-05	-0.57955	0.68795	0.39955
3	66953655	A	G	0.00012	0.22176	0.27447	0.41912
3	66953820	C	G	0.09782	0.01785	0.0097	0.065755
3	66954036	G	A	0.00026	-0.11658	0.18186	0.52151
3	66954081	A	T	0.00014	-0.43483	0.24511	0.076057
3	66954139	A	C	0.00017	0.38956	0.22972	0.089925
3	66954193	T	C	0.50922	-0.01305	0.00578	0.024052
3	66954273	A	G	2e-05	-0.57955	0.68795	0.39955
3	66954392	T	C	0.00501	-0.02952	0.04383	0.50055
3	66954471	T	A	0.00014	0.20788	0.26025	0.42442
3	66954619	C	A	0.00435	0.03129	0.04418	0.47883
3	66954648	A	C	0.05374	0.015	0.01272	0.23816
3	66954844	A	G	0.0004	0.26035	0.14799	0.078545
3	66954851	C	T	0.00026	-0.11674	0.18192	0.52107
3	66954935	G	A	0.0002	0.1205	0.23548	0.60886
3	66954960	T	C	0.00653	-0.01668	0.03733	0.65492
3	66955123	T	C	0.00986	-0.00412	0.02994	0.89062
3	66955369	C	T	0.00029	-0.18948	0.29745	0.52412
3	66955408	T	C	0.00044	-0.02505	0.13991	0.85792
3	66955660	C	T	0.03373	0.01101	0.0159	0.48844
3	66955690	C	T	0.00016	0.40949	0.23074	0.07595
3	66955884	G	C	6e-05	0.02655	0.4178	0.94933
3	66955886	G	C	0.00017	0.38631	0.22707	0.088887
3	66955944	C	T	0.70548	-0.01457	0.00636	0.022057
3	66955963	C	T	0.02131	-0.00183	0.02064	0.92938
3	66956048	A	C	0.00044	-0.02513	0.1399	0.85744
3	66956170	C	T	0.51345	-0.01272	0.00579	0.027893
3	66956187	G	T	0.75948	-0.01155	0.0068	0.08939
3	66956765	T	C	0.05379	0.01567	0.01271	0.2177
3	66956827	G	T	0.00015	-0.16519	0.24191	0.49471
3	66957081	G	A	0.00032	0.00975	0.16818	0.95379
3	66957107	G	A	3e-05	0.87099	0.58453	0.13621
3	66957468	C	G	0.86571	-0.00925	0.00861	0.28263
3	66957479	C	T	0.04329	0.02928	0.01423	0.039695
3	66957526	A	C	0.00048	0.14851	0.13594	0.27463
3	66957558	G	A	0.00135	-0.13781	0.07942	0.082722
3	66957647	T	C	0.00048	0.14613	0.13583	0.28202
3	66957652	G	T	0.00011	0.46161	0.28534	0.10571
3	66957754	T	A	0.00013	-0.13603	0.27889	0.62572
3	66957796	C	G	0.50886	-0.0131	0.00578	0.023508
3	66957803	T	C	0.00017	0.51808	0.2327	0.025988
3	66958059	T	C	0.00033	0.00178	0.16549	0.99143
3	66958130	A	G	0.00015	0.37118	0.24245	0.12578
3	66958175	G	C	0.00079	-0.02749	0.10733	0.79784
3	66958203	T	A	0.75975	-0.01071	0.0068	0.11546
3	66958229	G	A	0.00616	0.03093	0.03894	0.42691
3	66958917	A	C	0.00014	0.20773	0.2602	0.42467
3	66958981	G	A	2e-05	0.33056	0.92357	0.72041
3	66959106	A	T	0.03734	0.01316	0.01517	0.38557
3	66959107	T	A	0.00192	0.10469	0.07159	0.14366
3	66959130	C	T	0.05371	0.01614	0.01272	0.20455
3	66959192	A	C	2e-05	-1.06738	0.71801	0.13712
3	66959233	C	G	2e-05	-1.06738	0.71801	0.13712
3	66959294	C	G	0.70464	-0.01411	0.00636	0.026452
3	66959409	C	T	0.00048	0.14908	0.13585	0.27248
3	66959440	A	G	0.00036	0.07078	0.16679	0.67131
3	66959472	C	T	0.75877	-0.01105	0.00679	0.10381
3	66959712	T	C	0.00831	0.02245	0.03195	0.4822
3	66959865	A	T	6e-05	0.02655	0.4178	0.94933
3	66959977	A	G	0.00032	-0.09413	0.16381	0.56555
3	66960142	A	T	0.70058	-0.01391	0.00633	0.027994
3	66960347	G	A	0.75569	-0.01097	0.00676	0.10461
3	66960387	T	C	0.00538	-0.05111	0.04122	0.21497
3	66960389	C	T	0.00018	-0.28647	0.23083	0.21459
3	66960404	G	C	0.75521	-0.01115	0.00676	0.098851
3	66960433	T	A	0.00019	-0.29084	0.21598	0.17811
3	66960642	G	T	0.0001	0.37304	0.31123	0.23068
3	66960741	A	C	0.00021	0.34431	0.21224	0.10475
3	66960871	A	T	0.00027	0.188	0.18443	0.30803
3	66960876	C	T	4e-05	0.01068	0.4846	0.98242
3	66960991	C	T	0.00014	0.04698	0.26555	0.85958
3	66961200	T	C	0.75496	-0.01142	0.00675	0.090958
3	66961209	G	A	0.00012	-0.19412	0.27787	0.48481
3	66961342	T	G	0.05379	0.0157	0.01271	0.21689
3	66961348	C	T	0.03875	0.01528	0.015	0.30864
3	66961432	G	T	0.05379	0.0158	0.01271	0.21392
3	66961493	C	T	0.70073	-0.01376	0.00633	0.029728
3	66961618	C	T	7e-05	0.01132	0.37831	0.97613
3	66961622	G	A	8e-05	0.01587	0.42897	0.97049
3	66961769	T	A	4e-05	0.01068	0.4846	0.98242
3	66961851	A	G	7e-05	-0.09785	0.38076	0.79718
3	66962093	C	T	0.00027	0.18785	0.18442	0.3084
3	66962168	T	C	0.05378	0.01591	0.01271	0.21087
3	66962197	G	A	0.05376	0.01563	0.01272	0.21908
3	66962225	G	A	0.75526	-0.01123	0.00676	0.096469
3	66962275	T	C	0.18626	-0.00014	0.00742	0.98513
3	66962321	T	C	6e-05	-0.36217	0.44154	0.41209
3	66962326	A	C	0.00032	-0.09421	0.16377	0.5651
3	66962394	T	C	0.70872	-0.01143	0.00639	0.0737
3	66962436	G	C	0.18611	-0.0005	0.00742	0.94639
3	66962491	G	A	1e-05	0.44593	1.09463	0.68373
3	66962666	C	T	0.70045	-0.01418	0.00633	0.025083
3	66962802	A	C	0.00027	0.16886	0.18458	0.36028
3	66962838	A	T	6e-05	0.61641	0.40845	0.13126
3	66963271	G	C	6e-05	-0.00219	0.39296	0.99555
3	66963409	A	G	0.00035	0.08037	0.15798	0.61091
3	66963448	A	C	0.00113	-0.01372	0.09112	0.88033
3	66963482	T	C	0.00098	0.03643	0.09836	0.71109
3	66963494	A	G	0.00025	-0.18674	0.198	0.3456
3	66963527	A	G	0.00036	0.00595	0.15478	0.96932
3	66963567	A	G	0.00013	0.17229	0.25138	0.49309
3	66963571	A	G	0.01687	0.02342	0.02236	0.29482
3	66963625	T	C	0.00015	-0.40354	0.24325	0.097129
3	66963849	A	T	0.00032	-0.09421	0.16377	0.5651
3	66963932	G	A	0.75587	-0.01108	0.00676	0.1014
3	66964109	C	T	0.00015	0.37022	0.2425	0.12684
3	66964134	C	T	0.75579	-0.01097	0.00676	0.1049
3	66964219	G	A	0.7559	-0.01119	0.00676	0.097963
3	66964253	T	C	5e-05	-0.50143	0.43507	0.24911
3	66964254	A	G	5e-05	0.6367	0.62968	0.31195
3	66964289	T	C	0.05428	0.0168	0.01266	0.18433
3	66964376	G	C	0.01651	0.0094	0.02276	0.67971
3	66964434	T	C	0.00034	0.12449	0.16979	0.46343
3	66964534	G	A	0.75589	-0.01118	0.00676	0.098272
3	66964651	C	T	0.05379	0.01545	0.01271	0.22426
3	66964652	A	G	3e-05	0.79588	0.51226	0.12026
3	66964743	A	G	0.0002	0.29681	0.25353	0.24172
3	66964754	T	C	0.05378	0.01549	0.01271	0.22322
3	66964812	A	C	0.08527	-0.02211	0.0104	0.033467
3	66964902	A	G	0.51406	-0.01185	0.00578	0.040409
3	66964908	A	G	0.00032	-0.04409	0.17713	0.80343
3	66965071	T	G	0.00034	0.08386	0.16059	0.60154
3	66965102	T	C	0.00063	-0.09786	0.1324	0.4598
3	66965104	G	C	0.00027	0.17899	0.18409	0.3309
3	66965130	A	T	0.00011	0.46193	0.28537	0.10551
3	66965327	A	G	0.00049	0.11679	0.13542	0.38845
3	66965439	A	G	0.00034	0.09707	0.1612	0.54705
3	66965498	C	T	0.00031	0.00776	0.16829	0.96323
3	66965624	G	C	0.86567	-0.01004	0.00861	0.24356
3	66965627	C	T	0.0046	0.02618	0.04407	0.55245
3	66965718	C	A	0.00034	0.09704	0.16119	0.54717
3	66965960	G	A	0.00048	0.1078	0.13671	0.43039
3	66966079	A	G	0.70102	-0.01434	0.00633	0.023557
3	66966117	T	C	0.00014	-0.4347	0.24512	0.076154
3	66966152	T	C	0.00017	0.27898	0.22998	0.2251
3	66966228	T	A	0.00017	0.18166	0.23468	0.43889
3	66966291	A	G	0.00035	0.11644	0.15827	0.46192
3	66966345	T	C	0.00019	0.18813	0.23732	0.42794
3	66966490	A	G	0.00019	-0.29082	0.21589	0.17797
3	66966600	G	C	9e-05	0.15723	0.31561	0.61836
3	66966603	A	G	1e-05	0.70227	1.16246	0.54576
3	66966811	T	C	0.00027	0.1675	0.1853	0.36602
3	66966911	A	G	0.75631	-0.01087	0.00677	0.10837
3	66966937	C	T	0.75571	-0.01169	0.00676	0.083757
3	66967101	T	G	0.00021	0.05117	0.20794	0.80561
3	66967145	A	G	0.00034	0.0975	0.16119	0.54529
3	66967314	T	C	0.01874	0.00618	0.02188	0.7776
3	66967398	T	A	0.00031	0.00792	0.1683	0.96248
3	66967402	C	A	0.05452	0.01682	0.01264	0.18314
3	66967420	A	G	0.03549	-0.01197	0.0159	0.45147
3	66967455	C	A	0.05377	0.01586	0.01271	0.21224
3	66967499	A	G	0.00015	0.37072	0.24254	0.12639
3	66967560	T	G	0.70078	-0.01432	0.00633	0.02382
3	66967641	C	A	3e-05	-0.13201	0.52457	0.80131
3	66967750	G	A	4e-05	0.00519	0.48448	0.99145
3	66967850	A	C	0.02157	-0.0338	0.01994	0.090095
3	66967963	T	G	0.00269	0.03568	0.05985	0.55103
3	66968008	A	C	0.05429	0.01842	0.01266	0.14571
3	66968035	T	C	0.00016	0.23205	0.24324	0.3401
3	66968051	C	A	0.00019	-0.29102	0.21589	0.17766
3	66968063	A	G	0.00025	0.05351	0.18837	0.77635
3	66968085	T	C	0.00027	0.168	0.18525	0.36449
3	66968709	A	T	0.00014	-0.38853	0.24924	0.11904
3	66968736	T	G	0.00034	0.10043	0.19168	0.60031
3	66968973	G	T	0.0002	-0.24018	0.21002	0.25277
3	66969002	A	C	4e-05	0.07366	0.48491	0.87926
3	66969653	C	T	0.00079	0.04283	0.10752	0.6904
3	66969816	T	C	0.00021	-0.25026	0.20506	0.2223
3	66969907	T	C	0.00018	0.78661	0.3409	0.021031
3	66969921	G	A	0.0002	-0.23975	0.20993	0.25343
3	66970019	G	A	0.0001	0.24383	0.28663	0.39494
3	66970110	T	C	0.00032	0.02887	0.16451	0.86072
3	66970113	T	A	0.05431	0.01784	0.01265	0.15864
3	66970160	C	T	0.76183	-0.01059	0.0068	0.11968
3	66970201	G	A	0.05426	0.01828	0.01266	0.14876
3	66970202	G	C	0.88503	-0.00993	0.00927	0.28369
3	66970318	T	A	0.00014	-0.42399	0.24258	0.080497
3	66970324	T	C	0.05411	0.01773	0.01268	0.16188
3	66970506	G	T	0.05402	0.01803	0.01268	0.15518
3	66970568	C	A	0.05399	0.01769	0.01269	0.16328
3	66970665	A	G	0.00068	-0.01677	0.11416	0.88324
3	66970730	T	C	0.00013	0.15872	0.25156	0.52807
3	66970734	G	A	0.75655	-0.01116	0.00675	0.098152
3	66970752	A	C	0.05385	0.01648	0.0127	0.1945
3	66970755	C	T	0.05372	0.01612	0.01272	0.20515
3	66970848	A	G	0.00031	0.01871	0.16874	0.91172
3	66971221	T	C	0.00192	0.04854	0.06902	0.48185
3	66971253	A	G	0.00015	0.46068	0.23784	0.052751
3	66971286	A	T	0.51283	-0.01318	0.00576	0.02222
3	66971474	G	T	0.18947	0.00228	0.00734	0.75604
3	66971547	T	C	0.00015	0.1561	0.24781	0.52874
3	66971733	C	A	0.05399	0.01751	0.01269	0.16763
3	66971740	C	A	0.05399	0.0175	0.01269	0.16778
3	66971762	A	G	0.00087	-0.01248	0.10209	0.90271
3	66971816	G	A	0.0002	0.0018	0.21091	0.99318
3	66971922	A	G	0.0007	-0.02666	0.12525	0.83143
3	66971985	A	T	0.70238	-0.01439	0.00633	0.022927
3	66972068	A	G	0.51221	-0.01321	0.00576	0.021834
3	66972382	A	T	0.06372	-0.019	0.01202	0.1139
3	66972660	T	C	1e-05	-0.03609	0.84568	0.96596
3	66972844	G	A	0.51294	-0.01326	0.00576	0.021356
3	66972863	A	G	0.00019	0.46465	0.21699	0.032246
3	66972872	A	G	0.00066	-0.01381	0.11513	0.9045
3	66972896	C	A	0.75659	-0.01117	0.00675	0.097852
3	66973135	A	G	0.0503	0.01573	0.01312	0.23051
3	66973150	C	T	0.00014	0.20012	0.24474	0.41354
3	66973175	G	C	0.18924	0.00179	0.00734	0.80787
3	66973253	C	G	0.0001	0.38707	0.30778	0.20853
3	66973564	T	C	0.00031	-0.09013	0.16656	0.58844
3	66973767	C	T	0.00784	0.03323	0.0348	0.33955
3	66973933	T	C	0.0065	0.00776	0.03717	0.83475
3	66974127	C	T	0.18937	0.00201	0.00734	0.78414
3	66974253	T	C	0.00099	-0.09133	0.09698	0.34634
3	66974297	C	T	3e-05	-0.41302	0.64641	0.52286
3	66974327	C	G	0.00034	0.06151	0.16113	0.70266
3	66974533	A	G	0.24339	0.00639	0.0067	0.33993
3	66974588	G	A	0.24362	0.00627	0.0067	0.34929
3	66974791	T	G	0.01059	0.01618	0.02899	0.57664
3	66974937	A	G	7e-05	0.16297	0.36298	0.65345
3	66974984	C	G	6e-05	0.00224	0.4175	0.99572
3	66975019	C	G	0.2436	0.00643	0.0067	0.33663
3	66975075	A	G	0.75623	-0.0112	0.00675	0.096899
3	66975291	G	A	0.0003	-0.04488	0.17031	0.79215
3	66975324	G	C	0.75626	-0.01137	0.00675	0.091812
3	66975340	G	C	0.05477	0.01684	0.0126	0.1816
3	66975386	A	G	0.00014	-0.14902	0.25818	0.56382
3	66975402	T	A	0.00049	0.06194	0.13467	0.64555
3	66975455	A	G	0.75614	-0.01147	0.00675	0.089183
3	66975520	C	G	0.0001	0.38707	0.30778	0.20853
3	66975585	A	C	0.24365	0.00636	0.0067	0.34222
3	66975646	C	A	0.00017	0.32594	0.23191	0.15989
3	66975742	G	A	0.2438	0.00654	0.00669	0.32851
3	66975770	A	T	0.00014	0.38026	0.24147	0.1153
3	66976005	C	G	0.05378	0.01618	0.01271	0.20304
3	66976060	T	C	0.02103	0.03572	0.02055	0.082258
3	66976096	G	A	0.24386	0.0068	0.00669	0.30954
3	66976324	T	C	0.05419	0.01633	0.01267	0.1974
3	66976805	C	T	0.18958	0.00266	0.00734	0.71754
3	66976893	G	C	0.18908	0.00189	0.00735	0.79647
3	66976999	T	A	0.00032	-0.09614	0.16273	0.55467
3	66977001	G	T	0.00015	-0.38488	0.24077	0.10992
3	66977004	A	G	0.00015	-0.38488	0.24077	0.10992
3	66977047	T	C	0.0212	-0.00395	0.02068	0.84853
3	66977127	C	T	0.0006	0.17863	0.13526	0.18661
3	66977216	T	C	0.05419	0.01636	0.01267	0.19656
3	66977320	T	C	0.24379	0.00667	0.00669	0.3194
3	66977384	C	A	0.00012	0.1615	0.26535	0.54278
3	66977440	A	C	0.05423	0.01626	0.01266	0.19913
3	66977710	C	T	4e-05	1.03814	0.48222	0.03133
3	66978032	C	T	0.7569	-0.01102	0.00675	0.10259
3	66978088	G	C	0.24445	0.00631	0.00669	0.34523
3	66978228	A	G	0.05372	0.01571	0.01272	0.21692
3	66978483	T	G	0.05376	0.01603	0.01271	0.20745
3	66978490	A	G	0.03934	-0.02741	0.01522	0.071708
3	66978569	C	G	0.0003	-0.04485	0.17031	0.7923
3	66978595	T	G	0.1904	0.00247	0.00733	0.73576
3	66978664	C	G	0.00026	0.11468	0.18749	0.54077
3	66978717	T	C	0.00077	-0.17531	0.14359	0.22211
3	66979138	A	G	0.75638	-0.01154	0.00675	0.087245
3	66979225	G	C	2e-05	1.4019	0.64434	0.029577
3	66979358	C	T	0.02505	-0.02632	0.01886	0.16288
3	66979488	C	T	0.00031	-0.09013	0.16656	0.5884
3	66979642	C	G	0.05378	0.01599	0.01271	0.20849
3	66979735	T	G	0.00014	0.37944	0.24149	0.11612
3	66979847	G	A	0.00011	-0.14181	0.27877	0.61095
3	66979941	A	T	0.75667	-0.01174	0.00675	0.081992
3	66980276	T	C	0.51109	-0.01379	0.00576	0.01674
3	66980312	G	T	0.00014	-0.37619	0.24334	0.12211
3	66980362	C	A	0.00013	0.16857	0.26214	0.5202
3	66980399	C	T	0.00875	0.00891	0.03193	0.78028
3	66980506	C	T	0.00016	0.09605	0.23884	0.68759
3	66980517	C	G	7e-05	-0.01109	0.40247	0.97801
3	66980701	C	T	0.00029	0.04225	0.17216	0.80616
3	66980712	T	C	0.05422	0.01598	0.01266	0.20684
3	66980903	G	A	0.00079	-0.04443	0.10787	0.68043
3	66980997	A	G	0.01047	-0.04852	0.02924	0.097114
3	66981082	G	A	0.5113	-0.01362	0.00576	0.018074
3	66981479	T	G	0.00012	0.19965	0.2771	0.47121
3	66982355	C	A	0.01259	-0.03234	0.02764	0.24193
3	66982474	A	G	6e-05	0.01002	0.41744	0.98085
3	66982497	T	C	0.0541	0.0152	0.01268	0.23047
3	66982604	A	G	0.05411	0.01496	0.01267	0.23783
3	66982754	T	C	0.05477	0.01698	0.0126	0.17781
3	66982852	G	C	0.05454	0.01669	0.01263	0.18647
3	66982937	T	A	1e-05	-0.94433	0.7475	0.20647
3	66982950	C	T	0.01652	0.01024	0.02275	0.65247
3	66983070	T	C	9e-05	0.20468	0.33913	0.54615
3	66983162	G	A	0.75657	-0.0109	0.00675	0.10617
3	66983175	G	C	0.02578	-0.01507	0.01817	0.407
3	66983882	C	G	0.00014	-0.37708	0.24341	0.12135
3	66983884	T	C	0.05382	0.01617	0.0127	0.20323
3	66984033	G	T	0.70389	-0.01351	0.00634	0.033003
3	66984038	G	A	0.00025	0.11869	0.1834	0.51751
3	66984087	A	T	0.75872	-0.01011	0.00677	0.13572
3	66984137	G	A	0.05493	0.01761	0.01257	0.16129
3	66984140	A	G	0.00023	0.02832	0.2147	0.89506
3	66984181	A	G	0.00017	0.32594	0.23191	0.15989
3	66984267	C	T	0.00017	0.32549	0.23198	0.16059
3	66984466	C	T	0.50965	-0.01389	0.00576	0.015928
3	66984573	G	A	0.70193	-0.01375	0.00632	0.029629
3	66984579	A	G	0.00027	0.53663	0.23666	0.023357
3	66984813	T	C	9e-05	0.30679	0.29176	0.29303
3	66985085	G	C	0.02161	-0.0329	0.01992	0.098567
3	66985220	A	T	0.0061	-0.00845	0.03898	0.82838
3	66985928	G	T	0.05478	0.01794	0.0126	0.1544
3	66985939	A	G	0.05501	0.01885	0.01258	0.13398
3	66985997	G	T	0.00032	-0.09806	0.16272	0.54674
3	66986209	G	A	0.00013	0.16971	0.26217	0.51743
3	66986527	T	C	0.00847	0.02092	0.03167	0.50891
3	66986777	T	C	0.21748	0.00114	0.00696	0.86947
3	66986873	T	C	0.05038	0.01602	0.01311	0.22199
3	66986921	C	T	0.21733	0.00067	0.00696	0.92279
3	66987069	A	C	0.00035	0.09565	0.15774	0.54426
3	66987145	T	G	0.78229	-0.01357	0.00702	0.053147
3	66987263	A	C	0.00047	-0.50884	0.17414	0.002282
3	66987323	T	G	0.0001	0.46444	0.28678	0.10534
3	66987369	A	C	1e-05	0.75116	1.17502	0.52265
3	66987402	G	A	0.0001	0.46428	0.2868	0.10548
3	66987460	T	G	6e-05	0.60697	0.40824	0.13706
3	66987474	T	G	0.05477	0.01721	0.0126	0.17201
3	66987569	A	G	0.00017	0.321	0.23188	0.16625
3	66987579	G	A	0.00092	0.06549	0.09607	0.49546
3	66987905	T	A	0.00023	0.06159	0.21733	0.77688
3	66987912	A	G	9e-05	0.38779	0.31709	0.22134
3	66987937	A	G	0.05383	0.01604	0.01271	0.20683
3	66987940	T	C	0.00019	0.30711	0.22409	0.17055
3	66988786	T	C	0.05478	0.01746	0.0126	0.16586
3	66988934	A	G	0.00973	0.03861	0.03024	0.20174
3	66989062	A	T	0.0003	-0.04694	0.17051	0.78309
3	66989264	C	G	0.00024	0.00765	0.21589	0.97172
3	66989311	A	C	0.0001	0.46444	0.28678	0.10534
3	66989320	C	G	0.00032	-0.09823	0.1627	0.546
3	66989327	G	A	0.00013	0.1755	0.26288	0.5044
3	66989368	G	T	0.05484	0.01826	0.0126	0.14715
3	66989457	G	C	0.05035	0.0167	0.01312	0.20295
3	66989488	C	T	0.00192	0.05008	0.069	0.46795
3	66989512	T	C	0.21723	0.00018	0.00694	0.97963
3	66989782	G	A	0.05389	0.0165	0.0127	0.19387
3	66990035	T	C	0.0003	-0.04722	0.17055	0.78187
3	66990091	C	T	0.05521	0.0182	0.01257	0.14762
3	66990123	C	A	0.05516	0.01888	0.01257	0.13326
3	66990358	T	A	0.01944	0.00899	0.02141	0.67463
3	66990499	T	C	0.7828	-0.01297	0.00694	0.061589
3	66990613	T	C	4e-05	0.76896	0.50809	0.13017
3	66990729	C	G	0.77874	-0.01244	0.00697	0.074435
3	66990801	C	T	0.02289	0.0175	0.01956	0.37091
3	66991035	C	T	0.00011	-0.38109	0.29065	0.18981
3	66991066	C	T	0.0003	-0.0399	0.17049	0.81495
3	66991115	C	A	0.00016	0.51123	0.23464	0.029349
3	66991127	C	T	0.00027	0.03395	0.19322	0.86053
3	66991205	A	T	0.00015	-0.38858	0.24027	0.10582
3	66991292	A	G	4e-05	0.1308	0.47262	0.78198
3	66991310	A	G	0.0002	0.64617	0.30429	0.033709
3	66991328	G	A	0.00013	0.16788	0.26233	0.52218
3	66991350	G	A	4e-05	0.00308	0.48948	0.99499
3	66991451	C	A	0.72555	-0.01483	0.00648	0.022151
3	66991695	T	A	0.00068	0.03042	0.11214	0.78619
3	66991758	A	T	0.50777	-0.01227	0.00575	0.032956
3	66991893	G	A	0.00247	-0.14187	0.06163	0.021328
3	66991909	C	T	0.03079	0.02455	0.01676	0.1429
3	66992227	C	T	6e-05	-0.00503	0.41726	0.99038
3	66992264	A	G	0.00054	0.09556	0.12665	0.45052
3	66992305	C	A	9e-05	0.38727	0.3172	0.22212
3	66992448	A	T	0.00074	0.07091	0.10815	0.51202
3	66992626	T	G	0.00019	-0.28026	0.21349	0.18928
3	66992650	C	G	0.00074	0.07594	0.10845	0.48382
3	66992720	T	C	0.0002	-0.24088	0.21505	0.26266
3	66992955	A	G	2e-05	1.53743	0.8243	0.062164
3	66992959	G	A	0.00014	0.37231	0.24477	0.12824
3	66993023	A	G	3e-05	0.60941	0.5374	0.25679
3	66993052	A	G	0.00012	0.3209	0.26393	0.22405
3	66993057	G	T	9e-05	0.33249	0.40793	0.41503
3	66993073	A	T	0.78062	-0.01281	0.007	0.067106
3	66993156	T	A	0.05403	0.01733	0.0127	0.17218
3	66993255	T	G	6e-05	0.24018	0.43724	0.58279
3	66993325	C	T	0.7881	-0.01431	0.00709	0.043488
3	66993444	A	C	0.25155	-0.00907	0.00672	0.17709
3	66993630	C	T	0.22013	-0.00129	0.00693	0.85218
3	66993674	T	C	0.10289	0.01978	0.00948	0.036982
3	66993692	G	T	1e-05	-0.01103	0.83332	0.98944
3	66993821	T	G	0.00029	0.24773	0.17052	0.14627
3	66994117	G	T	0.50793	-0.01241	0.00576	0.031062
3	66994178	C	T	0.05406	0.01675	0.01269	0.18706
3	66994209	A	G	0.00019	-0.27974	0.21358	0.19029
3	66994648	G	A	0.05409	0.01703	0.0127	0.1797
3	66994674	C	T	0.00015	0.60028	0.24352	0.013702
3	66994687	A	C	0.01659	0.01197	0.02271	0.59823
3	66994711	T	C	0.00364	-0.02657	0.04897	0.58749
3	66994717	C	T	2e-05	0.19771	0.77566	0.7988
3	66994955	C	T	0.00048	0.02959	0.13328	0.82432
3	66994956	A	G	0.00019	-0.2791	0.21349	0.19109
3	66995015	C	T	0.05411	0.01671	0.01269	0.18819
3	66995065	A	T	1e-05	0.76619	1.17706	0.51509
3	66995071	G	A	0.05409	0.01685	0.0127	0.1843
3	66995123	G	C	0.0541	0.01713	0.01269	0.1772
3	66995126	A	G	0.50179	-0.01227	0.00576	0.033204
3	66995245	T	C	0.0541	0.0169	0.01269	0.18317
3	66995346	C	T	0.01925	-0.05924	0.02176	0.0062925
3	66995353	A	G	7e-05	0.48109	0.49433	0.33044
3	66995379	G	A	0.0002	0.01875	0.21084	0.92913
3	66995412	A	T	0.05411	0.0167	0.01269	0.18828
3	66995643	T	C	0.78299	-0.01328	0.00704	0.059256
3	66995822	C	A	0.00031	-0.11499	0.16311	0.48084
3	66995885	G	A	0.22097	-0.00098	0.00693	0.88732
3	66995936	G	C	0.00031	-0.11499	0.16311	0.48084
3	66995981	G	C	0.21719	-9e-05	0.00696	0.9894
3	66996179	G	A	0.7773	-0.01411	0.00697	0.043031
3	66996237	C	T	0.00013	0.10434	0.25197	0.67879
3	66996274	T	G	0.00021	0.05597	0.20893	0.7888
3	66996859	C	T	0.00013	0.07661	0.30141	0.79936
3	66996884	G	C	0.00017	0.33118	0.23176	0.15302
3	66997091	C	T	0.5026	-0.01211	0.00577	0.035704
3	66997431	C	T	0.00306	0.03184	0.05273	0.54595
3	66997503	A	G	0.0002	0.39155	0.21082	0.063266
3	66997752	G	C	0.0002	0.39063	0.21062	0.063646
3	66997858	T	C	0.00014	-0.15011	0.2768	0.58762
3	66998018	C	T	0.00032	-0.11995	0.16221	0.45961
3	66998144	C	T	0.00032	-0.11876	0.16283	0.46578
3	66998210	G	A	0.78209	-0.0121	0.00702	0.084906
3	66998315	A	G	3e-05	-0.72092	0.59637	0.22672
3	66998357	C	T	0.00013	0.10443	0.25197	0.67853
3	66998646	G	C	0.78153	-0.01252	0.00701	0.074244
3	66998676	T	C	0.00019	-0.25867	0.21403	0.22683
3	66998698	C	T	0.7834	-0.01349	0.00703	0.055062
3	66998756	T	G	0.00012	0.11557	0.25306	0.6479
3	66999287	T	C	0.00031	-0.1089	0.16396	0.50656
3	66999308	A	T	0.00013	0.19923	0.26084	0.44498
3	66999529	G	T	0.00327	-0.01523	0.05216	0.77026
3	66999861	C	T	0.78114	-0.01246	0.00701	0.075497
3	66999862	A	T	0.00031	-0.10866	0.16393	0.50743
